704029856
812537966
921245630
1564546608
1554194598
1938822756
2147173978
119989232
273971810
680605914
1914496480
1354903460
467963834
1089366108
847593082
623498502
345887680
1796690386
1724614170
312660520
1008528912
852396892
875198114
132308398
619937874
1334993180
445663732
1836351450
1202034688
312930254
660736202
545336498
1256109328
183562754
1145107476
470824098
2111808126
1162779162
1609778372
996526130
1012561238
1819212706
687526160
997426196
1478615526
282032128
660712758
1407190170
404301148
468253478
1912290660
720514756
173733952
649915448
506292020
537126744
1021592154
1195938294
2077664090
731646748
1365958226
1140879342
515460734
580806696
2096898402
1423431834
1105918094
374392680
684869174
2126315112
946001988
1127194478
759622842
1957325680
1115452710
1123436534
450766266
1021890670
880844328
1011929110
805783304
461318236
1544106264
2102351284
436747892
631535406
41811446
1070827102
153630286
36113324
882038916
505527584
978160962
997373608
164300840
478244404
1596867244
171181850
1907157750
2096047550
104396152
940594764
382574858
1770067830
1609453846
302587010
1337593550
199323428
1836378238
1446325984
103151062
1608759916
2137048262
691389190
236407848
1901784768
490184704
1625983926
1657288952
935035700
176205772
1984897062
1839420862
902967664
1530547814
850148032
903658308
1939969406
1226891854
765970870
410957392
546380496
1283045906
1299617454
1223761542
468632780
1099256856
2106800346
2009667180
1800048354
1525262378
85480062
1127385018
916428436
738560046
230809490
1768033698
1563626822
419901624
2017033752
1906904922
1673111588
285033642
188854474
144811150
130894470
1463824270
79098268
906190058
1177808004
283061396
500315040
306041200
1967448728
1088662552
561515248
29487346
506793372
1309336440
1024692718
1778317106
1836703694
1077559508
1818103968
2019807764
1346321880
1206651436
763787548
539480520
1603445188
1741192356
1203199456
1002276362
116395896
1052907514
1798516920
668934264
805945348
1376240788
813986854
923768086
213646884
870532848
889834864
1145889482
758024248
1007819720
760432950
2106777834
274245666
1877774532
568681756
1942128294
1125748814
371149400
1522769086
271193796
1938965508
1898231300
1487633356
395631110
1358677190
1011087560
1792064674
716450312
1234176212
424457122
1950264998
931020938
708205378
1015793544
2002177238
1236840824
108924720
448546832
1836408716
400564014
685284162
1329167102
848214548
1346903620
886439374
205138110
1476870928
1250702648
2018492864
2043007590
1214685988
808562270
1221193910
1003021846
1438725242
1729481930
449653464
1976819116
1468277514
229184390
1735171988
249583948
363099396
1792804140
1970378906
221749508
1754537702
428585614
357974896
36337518
729036812
1675715256
387880952
235442800
177557256
1286671934
1509585844
2042031224
999426640
1160819828
549080692
476234146
521911228
2086407582
1434532690
338791994
724505698
1504139976
1549737514
553260136
229409470
854295910
974264716
982980178
737782830
1228579650
1817491300
660866892
1689324154
1583666114
1349686232
1308373110
770366844
915755570
1341430170
217792270
903510470
2037914582
1957295984
419187328
2135047136
1618903676
1461567580
1246819700
1508968944
84022862
1219350168
1203392788
29111358
578314224
1191948640
1023216910
255097524
216902696
1977493710
313624454
288472812
259737300
674807394
1803895960
1878522250
1447018870
144575006
1459527318
1616744910
725194336
1535095438
1325588812
1367164826
1612205822
2021162348
1425504190
1563142042
886091478
1047627130
722295918
1793163782
2133279104
1412456586
1431344592
143313522
2056052754
591832344
2146625340
1988886060
552746530
1618734882
554258244
1991339928
780786246
35884382
497026668
462513850
338771630
122280576
1856884686
1077218858
1503379682
1680082604
1580282908
2090306298
2078007380
768298322
2108862448
91764098
330276730
1871012284
1762907626
411152452
1205106222
157814620
1500020026
252865288
407541582
247187982
834004620
1650306704
873524326
775263252
559200118
759862694
560929734
1175427730
791026128
1893246288
312063562
1679955584
194774978
1029305322
657781604
2017339946
119588440
719037388
55516300
791486492
1975014378
806241028
1176476476
2113175976
550876470
1829191996
1143521670
1588649424
167177630
1641039956
1112692670
1568494172
1538903398
1230652820
520949772
882275582
1673025856
32747750
947965682
1773001450
813772168
947416000
1928828518
996328086
1288935714
687311412
1279535654
829420044
120002312
29772690
548248772
1986072976
754473280
339410190
576144782
506261354
67649680
859939456
487949656
478333148
53886522
1027726932
272828516
1191821740
1034209246
80578446
1701606674
1778293988
946290534
1238999662
1943857182
214546074
1052106110
1383629848
921796964
1725046056
2012149966
1107321284
1033568108
19507970
906905398
1981219596
1161464308
1992421862
1344492526
408805150
577081468
2098075066
108030754
1288946780
5671352
1690834274
72201910
1364018656
897845888
417841800
1670657982
1320600580
436967290
1961281156
82162948
479964626
1686879448
1457318360
894516548
1601257598
938552166
1314637532
508873444
1658778580
1072655292
297300284
67966662
1698432026
1659150764
1072381472
1114392976
962096168
410535882
1784114314
1465712128
2080692368
1051061050
235768618
826945890
670943676
1226866838
848529086
10904606
585201302
150321730
454797284
265534294
1825441140
560059480
1293592938
608610668
659982936
2139097000
637785664
2077703438
50918272
395292140
2094142552
705279184
1850236316
2030343702
911751400
1085064882
1862594480
1252908322
1122446520
1769151320
1248558030
2101163896
1190622588
1331670450
1431590664
1460480154
1876630320
1188034628
1906680512
1598939198
712632848
2044173908
1846322628
1546015338
374540008
1761959388
871279662
1798997910
1950450012
1774950336
1840229614
1450274854
968887714
839371174
2076863572
1599310900
417704330
1603036102
357774362
1319758572
247874528
1037575658
640095188
1057379562
1284468070
1827569090
1989418134
889883074
16192428
350171740
1233564836
790024618
956452598
200654550
1867612926
291401354
1744541194
604289358
1606650572
319198300
358538648
79696352
1742643744
713221774
127096778
559610408
1632052766
470588640
1336533158
387571996
246074004
1926272168
1531531928
302060578
273040020
895799822
1066473782
1020562796
486892864
689009704
1428397112
691995204
962363794
1071531440
1575694664
1332356562
1366483156
1621768404
1100708596
603475560
600579916
375163534
1710730698
1883194
1174982194
56149608
1617337366
2045441088
497961538
614739076
1788804196
1619468906
87453344
1122671032
992486874
1567200022
2003105818
1231199460
823605912
1184002412
1140164774
1756233420
2140262306
2122064338
1042448430
157105024
1998522960
1953826962
752384830
844874856
6688558
839685762
86693200
2131411270
107174724
1222860466
1046485132
36031698
477897774
243307378
1840693736
301626062
1382628140
2074824740
1969538076
1706652516
126341300
228386780
370741628
800706184
1126401232
1016338658
842514380
597125042
507999448
1725159670
1842544888
174827054
1915409624
527696092
197508804
1872068930
135454656
501449804
489905192
1300641834
1157361048
610055258
1067812898
395264484
1311645692
1836994020
1693376180
1312502428
2146662988
1329200038
2064787890
2134083790
1511605376
646532048
1915810064
1392840542
2129714058
587869954
374122194
1279387150
1051603456
554879244
1165125176
876963190
2028278234
1878288444
1256635646
675300306
314060888
391745820
1965826
1323122760
1102140212
988848760
44778358
1688906328
626428336
328562464
2136322314
1455436204
301560348
338263342
325070562
1765900098
352795078
435070648
1986259894
1816724178
1371063324
768195144
545071406
1211035448
1392451728
1996749666
1302343114
757883532
872630084
1508583080
1876316950
123301512
77588328
1205200950
421037164
1025615966
1021264064
265279114
1654727162
1031754408
1173383158
1575215996
1478003104
109554572
742253006
1667168092
590787136
1211336864
1559498680
1526940822
1136318484
1245377380
679839622
1800989228
1537045342
50068292
1197173324
1571228120
361587188
1736295076
711590818
722458814
1678093330
3478830
635905480
772998018
681456082
477348574
1933201594
965638526
2079751770
1522517020
109456844
787121790
592568962
1148690234
681224596
1879695022
1399448776
1742285162
575637704
1063853006
73977542
1094363440
1024149324
95956720
581287722
1832733462
463467164
2117182088
503362206
1834576860
1322380188
113175034
1753662766
1580919428
1029096814
1774218770
1707023418
122718856
1393136360
275250982
2102489392
1102810854
927897142
1041785276
838978124
645945718
1235424412
1940198926
1954383440
2028642272
2093105974
1295865278
1470607400
1155016808
1818350344
206820118
1805972360
378595378
1137336058
1144721820
1923302346
613136040
489785514
991606568
565168102
1630912006
738885672
1504739052
2054418932
83882702
2012505296
1672095436
1042579446
1840409690
600614622
675261530
1746939992
787461700
1999478320
1244388322
1929009510
1470545000
1126113534
1292960304
1315353304
234024124
2039335730
809864784
2049749796
56477306
501276980
1611402770
1461328896
479307740
187487220
1666485814
1819090324
540489260
1383812742
748173636
1489866808
1774400026
1891140570
1255378870
1254982704
1351354874
447407776
1069621892
68541040
481700860
571647876
1659470098
659933806
25492168
122085592
1239821042
58569718
1802516978
576688766
550488856
103311952
787977100
294898478
1395009294
1070863308
1105653596
1756911302
552862940
696946122
785673254
2126264310
30368558
391326758
2001447706
1817634922
1798418096
18749198
178955124
1804957804
2125906872
1252065124
1985109352
1721832242
568369376
743317960
1135562242
1041026114
1666691032
2002750242
1832619424
197868300
1974124430
227828500
999896380
1107812850
1445085522
1468123170
1849294168
222896904
819327948
1693929968
1434833832
617310688
1165039236
1795255302
1483966730
1655770528
2082820726
539998158
1144439012
1350059640
1679007814
1740340462
1039014896
1377801096
55764826
1290095364
332915768
1558607638
1704775660
408244250
366451112
343868492
1807862180
197654526
834501224
875965952
1861614450
1928245400
238816458
1782874538
1638206492
876469860
1506178432
455758006
1441485230
660259508
1248941428
992254136
1097470800
1263466922
1621805122
615317598
1918947404
2039727396
41492498
27778548
585217248
2138444956
1671546034
1953637882
165493694
627885716
274984244
677251854
1783991572
144345416
1444749128
1201318708
2098362176
603726552
1526509792
1620411432
740279002
1902535952
138509146
680089042
1398769644
280538020
1632675898
2074652438
1437489680
1384612006
53983486
1794142134
460191916
591915980
1199580014
1692672278
193639998
1320237878
81469882
1514115574
396529386
48832414
1457325052
1933027332
1691079520
1425592658
1073007012
494138170
1988140790
27791284
1940811696
454628302
596499784
1880664020
2068979194
1033583200
1162083338
1525944560
1352076572
307580860
1414579898
594250974
609308962
1867336074
1941251832
1821921258
1083137792
1210914424
931775030
879397268
1809013468
1482194420
1139676208
158637374
1091982636
2084859916
1820415058
641388422
1555849350
810210346
470414800
1307355238
1402577666
2085255050
1080419234
1621710258
572560368
641553702
1952324748
1332935140
1392876072
1265801580
631791580
1512215126
1512794662
1825320982
298789396
1090696370
724172748
1254690640
250722488
103436738
1180861880
1966321950
1837919804
1324919206
502935808
861494220
342996418
2018567410
2139098190
165317078
232618532
1002319570
709525214
306900694
360978338
1027436100
1249367130
969284614
1502717620
2136981104
746964688
538313058
1267003934
992328818
26927064
806643522
305511972
1096404048
1491193630
907130608
1332737780
1244831212
522601350
1859943608
924996486
1911425408
998224156
393638980
701310866
71283794
1289429076
432751132
1979595634
1408396556
2109065004
565243780
816124954
453797868
1539518760
999597116
1407230972
268541176
239508088
1161257492
976409480
1044775338
1324491396
2026334310
1347206578
101833422
1872104876
1240608656
920418058
2076097558
1765824148
1804469372
217320310
619124208
1868444584
1013485466
731133808
29544452
349665296
1216364144
1843737868
1449238382
2112185132
1321025554
2115331340
1157693390
1427621496
1068358290
83707578
1023463828
112951996
1648018794
1876451132
1245082874
1823565510
1551138446
1127236540
1805297998
1740698296
1991182456
1092713290
1815692082
561134654
1491393866
2031407926
1281817832
379197466
1521806554
221518392
850970828
1405037106
1683452668
514820052
57537392
808907490
764929714
330731202
81297592
573515126
1561359520
1834233362
841294348
2037630466
1042225820
512438776
1641703094
1007933736
764556246
1114994790
361756140
1334697768
1796241142
2092690614
718808268
1956093370
1005393936
1724920752
602890806
1314188096
536144006
1118633512
1798276046
1843979036
1832834178
917831830
123009354
442580876
504172386
1612064126
1409039236
1607316722
561766224
463122278
1781232242
1044045928
97218742
259699108
1781435176
1921997074
8441380
1224231942
1496442636
1763727180
1083278856
946182756
420467118
1083395810
133839454
161416662
771192564
1611438120
1790074226
1323946388
1082297574
571766010
98552056
240243264
1630832550
122562322
3001770
230885398
1290138466
1378990206
773094754
172098084
767746118
2088672236
834843116
1666781656
1037191648
1661052718
906052998
1008322422
157875478
981283422
1654010102
1773184870
1733378566
401316242
170476294
1384860292
1808426578
841459988
1438374972
1633918162
1219233942
1289330556
609651414
1523280002
1560620834
1874206322
1752818286
708963622
828175816
669234246
1465409632
1420832472
398087570
2062392866
1988501648
815653424
8243398
519437996
2112375834
1589850282
555617744
242229314
10651868
292787286
682659182
668774376
2063511962
74538182
2093035280
1798999498
1380519964
1751615290
672070088
346582664
521984824
1210138956
224153070
1105728086
1002461734
1614098018
1283759868
921594870
1892995232
162354884
308355882
1512234834
172769848
1544365226
549149310
1638032004
1897185770
1960973166
1551806234
1572776036
314112588
1716126094
957363010
871611332
1006451746
1218219856
102332416
1415061140
1415875730
260966334
687634202
769211706
1781219072
1224683542
411572540
1177193552
361512902
1053732890
845587698
1707126282
276183490
1941026586
519545896
1689782476
1132767256
1504578000
86658688
11982502
1642141012
2134283404
244039228
2118449402
1764258282
430752030
1544402346
1078348402
1531312306
1741447652
2139685108
500983372
977898212
288508678
803848600
587763368
1764283566
505052414
18030138
593865450
27869886
1959675986
81684578
2027409532
141462600
1078661262
593875814
1086923228
2022869778
1410745024
558009588
399748802
1029479548
1597829762
757504944
1312247160
915407618
1451613310
206881052
860115956
1197279700
272087452
1433416214
2002073676
965988906
951864370
1983838460
1454344232
1844318408
706907236
1549226580
663918466
531478502
239382664
1724491838
1146126648
1779258936
55241928
551468402
512846632
1146688596
1997835686
672678110
1184064562
324334080
1269541930
1960196038
1070739630
1527066310
144933108
1490650362
1258851354
1813888246
1426501762
2133556652
1003824072
1664407048
573466090
852993674
1175249542
966459696
1116817332
1920656612
1154059728
293612648
1484240628
125259838
840803280
2040814428
647926638
1454276336
1827505310
649915632
582691282
1971221638
1131401496
1267346388
2029269410
973845088
2089279210
541657652
297281320
1523813246
1847121336
66393900
192469648
1900061630
390627736
1125468754
249020830
163098390
1470064392
732030746
541994836
634537324
1283140418
102749696
1225732884
637477002
917785972
1559199406
549221502
608210266
137593130
1310164442
1479321690
1793366048
968406156
625833772
992923470
98558740
1334646792
1788119652
474861026
384299240
1680265412
1347528970
1125190168
313689584
871710534
836075020
1119272586
868410400
327636756
1161929164
162948980
1155471390
1198714208
1183332562
1237016496
699972382
1639538600
406344922
1581576112
995878804
1646986782
1156224216
1738596038
1201365198
917022618
704664272
922229964
2113863514
676507056
1548889990
929467374
1434907360
898662348
946217258
1908267268
782344784
1816399840
331707672
1288005752
540867164
922659954
1862536494
585795514
1514421846
1138165340
966456834
1317824554
1252906554
1428753862
29788602
930438442
2005983600
1926001196
792131550
1984540136
926748508
410885732
943522590
942116754
1153783304
1090911384
348763784
685562858
1925212744
1853856300
22836506
656907286
2116719392
1924365418
184543726
1339613086
1044743714
1254507382
2025235016
2099293424
811301542
1483930988
1308936758
1709445076
796986192
120350630
940278340
476094110
318899656
333963862
1703309512
1224718112
1342328542
1099769016
1465424192
1327922342
357412192
188682388
1580725534
1345484734
264009482
558076558
1498558162
1415789592
84663238
416070412
1622466130
507116162
2013662890
785301594
477770818
1223204650
598804372
823453944
1174848998
624618514
1172091512
471121998
2056341440
1472685318
1721272530
35765804
1334410506
1973536750
586735598
527162424
1568906932
37714554
789891920
647146312
61378190
790648230
791860902
853595560
1875394478
118336784
101093590
1919734
645634448
854415600
1509521178
2094571318
1157953612
682820016
478558306
1328180700
905434210
419707230
1039748184
1205897594
863203482
1598986594
767495006
1386947426
737690528
1510218064
448112762
631991148
1168793732
1975832464
1066874094
668499166
1388809776
1261429354
68462648
1975242612
501043984
1630355730
1042838266
254173070
1053029592
1533012572
17717236
2122712662
291673894
1813182048
1918692982
1529739564
1727155086
123870674
1898522892
339557006
1698459932
261822792
583969288
1536913332
783610232
1182486602
1086606106
1603910756
1337636752
1697593156
1059599360
573097142
1361723586
1295085450
1979578500
1586857006
1902138172
680998442
1625533936
1691443198
74536786
750752764
1671907112
915879184
185330010
1062942118
1446624244
1346999682
1609474556
1799688820
1914305468
198050998
1031407168
601472730
789689556
436224344
212756390
1428687282
14655896
1774357164
463648480
459034758
1357659932
453250670
641703494
1850442868
667845398
1295766926
2020663850
389945842
193828518
908328772
1799756106
1434745818
493261388
737729844
1362900678
1770396728
1659716392
1725577774
1057510276
1499398220
108425734
2141995880
1060736664
1175418872
391289330
1982157194
1489142312
1840297252
209312308
758780942
902912468
1423039358
1151950296
138138478
550408490
809332
924280680
623840108
896887044
1866649632
1241844394
1565689058
2115895536
811064308
1795573116
1921751510
679022546
714652028
2043889432
846170398
1237886246
1347547870
1683084930
901839652
1568986844
1573446412
731293756
1098660294
1583975702
637886086
1832366536
2083052126
1848182882
680137580
1685821988
1564812718
2075918252
921416382
1714373068
1759621408
1121559032
445604936
631750328
879618278
1578963498
1003775930
1066003450
504181634
1178434588
1672782748
362819462
1644793778
418968356
738521486
760749264
406244676
1054504722
1146661178
1836562330
23381420
1610667372
537180898
331398444
1574506214
246577948
1663464798
861707344
1338698988
1164524152
1992516790
173290940
2069645004
2105677028
628027988
649392556
744076326
1006263822
1889420996
2008419382
1593195812
102256760
273111886
168888546
1707049274
218087642
1372380406
1047051484
884561400
1553817430
744828788
2008134842
929474416
152011728
1485854612
186727998
1128913718
989434488
748152866
59644718
1186998696
905788712
1923096348
2096311516
780162366
890661782
1496682152
945741692
1274587528
1376384434
68330912
1694643880
1071235268
109440004
1965391418
2104304514
1954954702
280109672
1613192558
621564542
1172743504
250430434
1139603048
1794441228
1143278844
850442900
369612884
1018835500
839715776
1244542316
421227412
806532282
601104908
851032712
950321538
297699338
556070616
382325276
919411770
504137812
1967599782
611528788
279063208
858398836
1568529422
934806866
639899082
1174815530
2043555590
1272032568
2015726938
895137086
607059458
1338569316
1290744688
1709969960
253706376
893788882
787493960
2001417770
318467714
418844966
1622209648
1703294916
693108078
1650617344
1499885362
738634544
1530907932
1159933594
928481308
421231048
2077234186
361302106
1311285700
467364352
1925244186
1779742394
399160320
1751743458
701684030
1408798704
1528661250
922672078
1004456618
1547395636
1411638616
485172296
648573236
1835684578
429380758
1911146048
1608822406
2100838286
898834238
260499776
22402114
386749510
2115361312
734800478
1642560866
857467392
608070292
1388718352
889796090
1093389224
1442678366
207361932
1962207140
1994676700
956110468
558077246
1276878380
890013262
379166792
1899636126
1457274988
587443830
1590790476
678625648
634025062
930924348
855270444
1598742986
1138077612
1700742236
1220150990
1835034148
1471604818
2133799746
1470501436
965512922
287126456
660318366
618859400
1959213782
2103634632
1928929732
1187002844
655082010
159303018
551641990
1898069534
568798866
2128618096
1483641214
1992197850
181776356
238302928
833624360
670901336
1739575916
285137752
225984570
1378859374
745356102
326623000
1260464662
833438348
1612328490
1697972404
1300627296
1348920092
759926454
259937912
375271260
1023898878
1880052894
1403437728
565032422
1613295994
111091084
1232693248
720101674
1202456308
698028148
1473616018
1049794598
1405248224
1347936014
790375118
485473094
1420803566
1613003160
613510724
300109962
803876688
969951796
1042641076
1647241830
764488276
922410844
1018193878
1103804840
1674548250
698956764
720076246
486884046
1150791992
1656730830
2054146252
83585588
1475817444
1151838866
1661431124
716877700
1220420702
446660930
558196712
868089024
1933154124
1337305904
797087156
35712236
1044490756
1486683654
492403710
1421683046
558733962
1336117532
961012638
1901149072
1395837326
1845601042
456540546
1756695304
400343344
1882405174
1786599352
1391642280
664439482
242765732
439605880
1206023102
442136906
1653126268
173568280
1942121312
341376074
683284668
1809280768
2132529246
760363126
856325886
1877419012
1477116120
1932161864
1776769498
1175411868
1261193774
800918460
661452196
530126328
571498128
213027038
1185940630
675391214
1102319092
580246642
1832671050
1162158364
917849206
1085028482
639298948
1073206794
967771082
424994514
1174336348
1014465896
1824467906
1203805464
1161995344
140046840
1294969668
941419036
198933288
1425035616
634043674
1519078138
1137795116
205382000
2083965000
1864483216
1162010194
400430772
8687602
673712348
829914336
1312184704
1411742212
2109495166
1776477810
1827832220
1101871416
1245516746
918288198
95871894
780731212
988101376
864293874
1058311476
819606686
319833658
1124409068
739860430
2122897438
1751815988
705327090
198318238
104954866
1098708518
1178979648
48980354
2069476032
261699360
1276963178
66247916
496934904
1322400584
693702210
98951302
556795686
1503590088
587865168
1261744848
1646989594
1398599118
1571954126
1780856274
282335564
1531728764
1013166482
1491613404
1904333156
1701032052
252537416
2047286256
1997852394
1379648062
1780604048
1038294218
1304464774
316346216
1983446696
429193344
1287856608
757709932
533273576
461815330
1616423872
682436270
108347852
1371967760
708687328
362246142
2129521902
1759053620
442161700
1210225856
1612473742
166072376
1009288806
291367542
1673733128
1553041512
407949726
12363982
466966930
1076537276
1810826808
2038276438
2107409574
621524806
1249964346
1273074866
1423965028
1876603166
1508354826
1609472016
979368386
1403448784
1699237740
13275238
982620934
1112619398
1533720304
721935904
610219252
1843414544
1933368194
2034342454
25889772
501912530
414911932
1572414066
876035484
209165294
1505512920
1971354278
31003416
1796001988
1571983528
1634903114
357436514
286588574
6471058
1136405822
1733267024
236781086
1893292026
298205394
1546449734
1804219138
1618769306
118497990
448122726
276740158
925437008
1041885540
503207072
1182665214
906742874
1300646160
1073022446
1363800612
637570640
1059165306
1655908006
1762068690
1862301974
2102909950
1494500174
1036221378
1706819912
1012218968
577717202
818815414
1627009384
1580486262
1720391170
1764979972
1581031010
1671638892
1928945802
264119030
2039730610
1648000160
1804227814
1735757822
576899626
501440154
1449790512
1829808880
671868822
1080699382
1915822864
420938774
1926550972
1658466068
474381524
2134337750
1460155560
944826260
323579776
379822796
1165478008
634786220
1955687020
1403633782
849930920
460793936
1903881224
1196420264
1620833788
1914221872
376323458
151226936
1907505104
522143090
665507962
452343272
1355433932
1210263044
1559190458
830136838
408536744
1992230724
2140342536
1943463306
1480342996
1012768530
105443590
1842096512
520969980
1852308214
1715398924
1897226962
1100626218
409939866
23583102
528999132
678460282
2130469134
2017888060
609782406
907773362
1886161118
710238084
1326518848
1257048614
1106627130
2012075242
1153834860
2029820198
756577696
1936662722
950652312
85489614
1387833806
345284544
312645014
308387002
1569836380
2126270208
1971211598
1941696166
1558977312
365341204
45505616
761141254
1059020336
1772337674
907771940
1997219716
520327530
30691320
1409559430
1024400402
2121427070
308984668
215112852
690421292
1783830558
876482692
1141001888
1707135550
1738542722
110113806
493821384
1740403054
2113901460
466086744
1626079218
523016424
1422539862
169297796
434847506
119658022
1147074628
1537129534
1768601752
62145578
431699540
956825968
1519400080
33617372
1077172034
896731204
319493940
1760207800
933932672
1309890608
1052808848
1068423798
1661921270
45444516
1071847234
1874450450
1143032204
625773286
1731108476
51028148
221606192
1710004776
644022940
38625820
1111726698
367466942
376779032
244851228
1029164418
109846624
2092641410
1446814884
1334983598
1555011630
604477040
864127772
1140071642
1680355894
1322269658
339616854
1061824474
1012411660
49936330
103610530
1155383370
1338342024
1450332532
2081335568
1439239098
901281472
1409109426
952041172
1433087124
2070893080
31720706
1206755464
94590508
1948250364
948391370
637672864
1712870590
1591141182
434771102
1488393024
295458254
1263858560
1784623124
77737398
1176979620
814397940
2144985296
1633573338
1941725218
1926714552
175894196
2013317214
414737062
421005162
564873524
126531264
1873179378
1153804152
1362331700
1807010950
1434936532
1662640724
1328572436
1180126714
909710066
745151902
891465616
1651733126
204559290
1448412202
1688822006
1459137036
472799624
454187652
303253146
2035630002
146459670
2055581766
1854581260
362135306
1365737948
1778462408
758273588
1234270484
272346260
1875898800
1425531632
893405438
1942692886
2136593124
199858906
1281883770
328384086
2144959360
1750107196
1294697038
1851054098
1323989258
483789428
678080504
1097819264
654208666
1676204450
2045343178
605175392
1758721330
737099030
1945603956
1687962090
1986546994
1386356082
975871668
415529670
676693640
1595536948
1383874566
351241664
41913532
382886366
1366271292
356323896
1281631570
732198896
1268651664
1582296446
1389693000
865720276
1964175914
1625976194
1618402788
1678699740
487548978
674194062
1765542210
1762253704
2011048432
643585962
1596512720
195427826
582164864
507980402
2100364366
1916382086
1847420602
479076176
1981276678
1142753332
609471094
1310853834
1437246376
511299438
325697110
957051466
2060831822
1839418358
2115690308
426573204
1647888930
569589606
162756912
760359210
1815550610
947918534
1699126094
1255681138
1249894866
1758295378
1612847866
1578322414
1489460226
433604444
1879328354
1347918674
2031090732
2069703360
1383213000
1369919094
781572594
161555184
995952940
714802952
1765265876
412488232
1348514380
366130682
593118816
108445626
1949696102
1636231786
1826954816
2110022884
1712097962
1140550392
254320286
1479414156
995508490
25717928
1307129640
199705190
985251966
353858772
809334394
251561202
1749423950
1662001518
258414402
1444339998
2072903566
199611218
1797892452
952766006
1815433598
847813658
493725426
417119266
1212239932
48810390
1751530616
1294860812
144152184
1611924732
178959156
1383284964
925458708
1037222686
2045877664
1568249646
2061380628
936798530
1847378680
755106972
2134568538
521401420
815050278
284169422
1623171310
1432426626
1621860620
931161606
1360471346
810203900
328289806
275954344
1188701550
1292880356
714817946
517623040
417175642
444032576
641517110
1932511670
1080023886
1499288584
53253206
228996230
1402257762
384988142
1279978306
990620962
782624936
1758534152
1337571066
789918818
1579495720
2036123028
1544887458
1100173004
121942822
1835489188
1199807694
2077465294
761550812
523579398
1754375018
1573583222
1134498996
226045408
1200332952
1043045458
955588222
1837069788
1288427828
1996732370
1210804324
789770476
1518581470
149552654
303952734
1094797568
405242840
1853747274
1691331222
1617061518
2049050554
2033530870
742272308
390121336
1474069458
1131008966
328889580
1897390618
1813532570
82126396
1529232704
1396793644
985101300
201600340
1429843204
1120339864
1765354306
821709198
1979976388
1469851508
1755559182
1218588012
1051444954
220535158
108497912
139004916
688031374
58163864
1137144616
1044833572
153787232
1019757586
513429832
346858276
481934908
2091213550
1150387970
398769014
1326719678
809649286
1870777580
836096420
1817616288
756029964
1832442994
1418960682
470367710
10248064
852859102
386613968
1446109412
609551446
1073015760
1557619458
862816480
1811212402
173802868
1469480372
535301200
675615562
425948818
1162359300
49027786
1306294482
1346149582
1689153050
68514426
1163216450
1274224490
896624262
1426114506
953866788
1897561068
1674643840
1275184968
1486740562
1079798546
1628139646
777375816
1450173744
1610461136
1375045932
1182488430
488133778
1662199314
875316244
868319278
1446391804
279998290
454446300
27606918
750002568
2021229840
1986217292
1252736360
579088416
1026610350
231179776
443237222
89801682
448390616
189678326
594543416
19273998
456904196
1032453666
593551776
2078690378
1484356118
1501051294
1351254028
1590256468
1047592670
725381566
1887371542
988860734
806230530
46056346
145147994
1644936290
1737208992
1627500658
607952104
299381530
2045227758
95708484
1099872580
1496322442
870668198
710697404
704923058
794733858
1787956798
1543098726
810050270
912001682
795484760
196379762
57196538
809670142
260867052
839697046
1001137280
2035856800
84389176
1209135626
1896859508
785741218
72482824
1047505482
1169840988
313703602
1816249964
589786096
1423859678
1762748472
1990622496
224331996
1733765504
40803268
1941706576
1212298604
540915140
984912834
156081786
1673165338
405517942
1412250060
482573352
881759432
1740473460
1015286146
372585778
809814958
1842995254
1676875082
2121390160
644935360
1535983638
380950652
200026226
820143714
1805556390
1234982148
235364066
2138000002
1514988672
220786752
567655774
215465142
1427132504
892039250
239170928
1592681890
1358682192
883786330
2128564866
2021448926
1871215242
179754440
1405580574
966274766
433861048
1893424972
1945145998
431982284
504812158
525330868
519540064
1837569450
1418574624
2026428918
163269444
1907031476
1930366782
734433496
409461984
115607686
1312131876
1922729684
1542038900
607161446
1563740962
1017577500
382270038
977486820
105630964
1774637722
1891811496
1062654074
912673304
1630588246
1956963520
528351672
970370174
684143608
1612724772
1132606958
1757492140
752188262
1488062026
577274958
1111963654
1994551274
597613998
33516834
1794808674
147386824
245691902
1064324180
2084605850
951007490
552709436
528684398
110954200
1124914132
601285346
1138137432
2121636876
981566554
443351292
2060473602
1121964608
614153940
1711343692
404627678
330902244
1506931516
462240768
1157107222
613202370
154539344
1556663774
1178481552
1642414012
764778746
17744218
1365837230
416927464
1197459502
25394072
872728262
1622145034
826279942
253246636
1035467694
1940011130
781831892
838755944
1441658894
2074561768
1392176834
1443896242
1199468556
676425462
728004132
25413872
1459583608
46142498
1232487874
1640092166
925218304
2011799066
1086609498
2107475210
56636556
1097602130
425260610
2127255514
966300950
420659486
1488599174
4265482
581842814
92761124
290957662
248258092
771129434
1110612042
463926508
1950449548
1107229070
1839472732
598719552
1223020428
897951128
33351458
1460262390
1496990766
1534582204
381053806
1857707512
1590694450
675826140
282989482
1083168106
953395564
905331190
1338437456
333118900
40140770
628664220
864400870
823421446
1082233774
1129015074
365868440
499939802
1939986550
506974642
1042838670
4536546
1366600378
1504077930
2082301162
261803988
2079991924
160345564
1499577892
520684404
337945896
30078508
1876583872
1332651826
621291998
840638688
569623156
1771798830
559799732
621105316
1054536244
2039991962
1352002460
1821100784
2074353078
1002265724
74717258
2138817222
928932328
955958144
1600731068
688402790
1578034986
210658584
1639164366
1015887134
393509822
993011132
955124990
160489976
1306422144
115746210
792375982
1487486562
1496198734
881155842
1280247610
1716084356
532230192
662125658
173379612
1820412884
663296136
808367042
1671625096
256916008
27107282
20321446
1292065884
1261928372
297643970
879403786
1298396196
4881404
408579864
1178297404
1612562910
319014476
1365863576
921724714
2031120318
1343360616
769619832
1986191802
11447642
669964848
394034138
1385232326
162789960
1463735126
378872638
809713056
424213554
610508042
1357413784
7621302
353825818
1487307960
327343344
938249956
1360296646
1360987108
507414270
2131439438
401937022
1148591982
742167900
1794735138
1312591272
312565446
1017791606
1664213492
1693364180
263460642
1347968630
750221048
1509528222
1089909170
538817954
1187343374
675206266
1189801704
1157826686
489067408
2138383068
1731250524
607264214
830514824
1674274978
1532680030
1194579948
1797993516
788395620
53673864
1550384600
1968138210
114521194
1681995366
405230312
1574477798
209205382
1105720136
171078942
2020295670
1977033542
745327832
733207982
1077216768
1228921876
61451606
418704306
973802844
267438252
1139592924
1437469782
261520890
1600269284
326974434
1547437724
1736068424
1818347748
1755612668
1160825420
1924121622
175099510
1068006486
1360867122
621222042
376212872
1598077594
471335010
1343082824
283107546
307468368
178955838
1685451040
1178397790
1475616340
1016228014
1596747876
1449006360
1447439878
1385141882
1466880506
299297462
2015718766
401815170
2036331468
398476118
213697164
423160288
1319365914
56773812
832238746
1196130784
928356678
1447322090
876995280
1498835240
282748800
488150206
331652952
2092035662
605462234
1005644886
1248992138
530593248
624139814
737221186
535736892
510988082
1079731984
767596334
1033799476
268062074
2043770546
1687105826
2062236628
1001211354
998650860
699706198
488884186
780196912
1518027618
581187918
1626657596
778481748
297222516
2090896510
1090742180
883596736
1106023332
1344563542
1893121492
1866787812
1364949752
2046073702
1847497894
38454386
1093422918
524211054
996694674
2031635812
940688522
783633402
573884766
325916058
1120019496
674744722
672351778
1943051136
178072894
1556792782
53449540
272099112
520335042
351251206
369814220
570185740
1103081788
1108360762
839863798
511407568
1630065542
990371048
279943310
1948420756
2047552074
649427060
1920093162
1489314770
71892012
1026840478
1245859432
1019498696
707428060
503574094
655405626
609020038
23802866
1826756076
550932652
242866170
26665300
98920590
1120750500
1036879394
507089366
1161817750
1087256702
1940910094
1683282380
106321416
1013930116
532116104
124141528
768321298
1829891524
808296470
1134183740
430224628
747981510
461382520
1841844576
728394962
2137154380
1682597852
1753647902
481873724
734704868
651383352
496647836
402354824
183340180
1331161188
1140484508
1683214016
2064816166
2101045376
987982336
1720898820
935852756
1772973124
1262091898
358870130
1657119858
183011038
2137794378
48733620
1028961280
80366330
1069630068
1850753206
1705370654
1715437446
684831686
706511618
745889520
353486998
2059896910
1530426562
1441252110
1773916926
1014432696
1470692784
140749034
1097472834
11675934
1492623442
2089746054
1630799372
587964064
1068782526
237263100
239755574
1700656780
2033993854
1006636680
1290880210
77838876
630651292
587748422
1793169386
1902911428
96851516
354083204
1214203996
1612206422
530180162
513152466
1386915018
865813938
63627014
1407605664
2050851956
481257610
729282846
623043006
1510683926
1783037202
308683636
622535528
641256382
1989818428
1943131954
419873424
1553832156
1196828916
2040141644
335634348
482083120
1704256450
2052784128
397333530
581752966
401997430
125825414
2137174192
815291350
324739402
1845882748
1205892878
487864584
664901536
891513464
1818449696
842833598
118905810
487656388
340016196
574449174
1533009750
1701263264
1756766966
826400714
363615778
948151298
1315373332
1817939318
680325212
2065214558
1488308930
769229234
103469026
490776682
2007408708
115820620
1102043382
1667779236
474766092
1817436662
1544056806
1123002624
864443026
214026036
852664616
589038876
1236239454
2058523874
1747404372
1809661912
163963486
279606542
1880198620
1388804252
1251198806
1078157782
1860994380
1275229798
70632280
437876954
623751726
687396694
937767824
2025374002
575913926
1190265770
1125833368
1718773940
1179945360
553694748
256072884
2101754138
911504824
239328566
945610858
2001537498
1399071784
246634674
631981534
962869240
317561050
2119933606
1008916320
1688151358
1778000808
1041270862
2030073912
1111168610
1070383692
1046036948
745074828
1981344758
27626948
1288251080
1461163982
927840818
1056176796
1742493470
548539552
833714568
1009907714
949758704
868447742
1606410096
727492866
1313857102
1977508796
426248172
1843199288
740829468
1200605388
550289170
1452687652
1332000566
443625370
421306654
1178470166
568463626
2132752878
406284414
591454916
1914047838
2115261336
860273204
786125272
446068598
1318798926
352849772
577803902
2089638138
924229770
978740064
677799910
2120650292
141917310
2137978686
1042914308
1383890734
1768827854
387743172
1904086684
84288234
1419116822
285625336
1710837298
22956182
1009198500
1485453056
590534432
1542417938
2098281622
1104043534
1128931192
1651764548
1786647364
6724578
901146904
1900626072
1732206254
2127427990
516574404
1963932022
729144336
925553768
667094006
2082327326
1017401308
2071965884
2021730774
387391758
2018094776
158266668
893818156
489871830
1014196506
160737668
68480864
55035708
1469308316
819635196
327066804
1988973764
1517874170
682295730
2047546674
1159004330
2147431508
473790754
436421232
40344194
2111773272
1589457830
1863488430
1375042544
487839760
596050780
1851692660
2074923212
2005268084
1088832078
1733950384
128187372
440924606
101663896
1598256806
907635062
1556524916
583325898
2129449218
1038355846
677582116
1130210236
2019171612
2024174288
149923502
871422842
879748942
1091516790
1246729770
1260894768
715536100
488117838
1696100870
1370498094
275579804
899851286
8851328
1287486488
1706278970
71216086
37070722
2069504976
361815616
308449584
1642569520
541641084
847394008
817514480
1168736572
1275267236
143133576
1056131440
1662519178
1883334142
971846736
2035302566
810319296
236144548
1860271014
1865849668
540176924
641868282
1746044554
516402380
807340358
2010266832
1891951636
1449569916
705490930
1299671722
221820104
238869418
524502554
1429306158
297980818
1358856670
1341595256
1892940166
753619194
1210870658
33698420
1704600480
305957270
1731663846
1490602766
1765936946
218776088
2089129502
1746590392
2013841046
904971526
583148806
1471728862
855996322
234491032
945971052
513216196
1093062568
1042021020
1273191302
512983316
103833060
1808540502
1944252240
453009352
1073403242
272266338
1149657742
529722014
546364178
1303117626
290662998
140383026
32546488
481807792
1713113948
1834895874
1270995024
1442721396
1251059300
2133832712
337092142
1421207538
648193976
13272062
448743848
1430658424
58410394
1339502220
1637086606
875285814
1366186588
1551837498
1502442820
1384896258
143034366
2088155490
434199486
2003799412
259623300
324781296
1009397804
1789913560
494094946
584621700
306376576
457699452
178833844
498957126
1687518148
1685859166
1370294052
1154622376
1649450524
1390653346
972125548
275790856
1847729182
477768166
396784318
993883042
964839746
1649679630
1551852138
948439350
637166910
345259376
1656143660
108834770
1081913726
918489892
1948142096
2027599882
85571160
871612910
289972572
1456683894
1175337288
1143310592
2047149668
72643480
245044928
114956852
1634162030
1701671368
1116975044
1334103894
786607292
31594016
1644452638
404895482
1867990312
1976617872
1923264926
1813670254
718888612
1907262992
678147226
1372146640
1078696338
677652306
609021306
284673644
929825448
359984342
1087402546
1369925712
1944592868
1602580494
1106596774
291792250
1541539186
1161935056
677565992
1945298748
1329701012
1533606940
1474107634
1297821590
204487076
459490836
1814010470
241425576
1741210936
1895506414
771725800
377081210
1835541296
268082818
376219354
1736048542
728346548
1134895652
1885280234
1829531124
357424050
1978340570
86358574
1013763026
921354186
438230492
1483516736
83544622
1677027792
243791302
1647576012
384534320
2056997800
983056122
1520697628
2129318234
364235634
264770362
1904218116
818178898
326226038
3883958
751673024
281023962
895827436
482012522
240845686
230408858
760921492
61504094
1737706384
1684547316
205516014
1220144108
387307658
1552243114
769818468
1372125244
22438606
1772014272
841851436
2020010676
5091658
1353898266
690262530
663537838
1009358978
1717751480
1961372730
1806826984
2100597934
23685060
1611487606
528644402
1746958304
165204296
1584586786
338823020
281307622
1106835910
129317512
361502048
1122673524
682298430
1093302768
769589366
645945124
1149151572
915821030
1813301356
218456736
740694562
173985978
51061224
1310741230
364180554
1706899622
535181462
573816650
773363790
1789261784
1131793426
346514344
191280838
892644932
1206537258
2115255178
1612274224
1345967266
1068783678
1687172998
740129196
1877894620
1444473394
1046743722
1425594426
322748586
193016546
216670458
1281464982
1921344960
2076998688
299850842
750847380
1091116712
1758028558
722581780
424303910
894747990
1316085866
1634667180
994838058
187488016
29977760
1335838624
1811385008
245429924
409917446
1089192866
1781163866
521842332
70338298
1815698846
1082075776
1255180692
1989605274
1306351956
692688502
1037215286
1671815968
2094862762
1707490782
179210138
886076898
1512692282
1945906678
1274555910
516595546
660220510
1820697640
1549645228
2147322486
967970838
70495628
414636642
1669282440
1735022762
1912523642
497094268
909916220
44443024
1897013774
1605669022
440499536
2089385508
722972122
336037078
907112600
854580448
907869324
1118109072
508255640
642674078
499637152
840947446
410032564
65216418
664368900
1547834552
1991870070
1145028724
270412038
929688288
1019471198
129003688
70474596
1669918048
1726255636
2019862098
1090734844
157623090
1695434262
1557173036
827677762
1721505070
107378266
1469111670
164825220
1687408290
1713620706
158104776
857405250
1965261182
255216786
892359030
699158730
1043243790
1577812172
1409487654
871931474
2139765626
2143608896
2037006464
498060406
396226852
90053254
2120571270
387972596
716985930
2062517610
938037070
1972398918
411456990
803652648
539198156
867923888
654189104
1052228
1480669602
462300414
779434758
389754982
232771846
1515302112
1998200764
195804562
1370391442
254174604
643364800
1041606884
2059079682
1518861158
468423652
89821978
629811360
2069587968
1396409688
1096261820
1778110094
943502330
189160694
1670395930
1145344764
1280495278
1657130650
1205113676
517663278
2079049500
833337872
1122686402
1302103106
1931122434
243502008
1090289584
1931518022
639474164
1346921728
1752896214
1183032064
1058374568
878526156
495838374
1646534236
1054947380
371975120
1426433458
1798241028
291620452
320039578
647892950
1029007712
1689072458
1967684062
238287388
756727282
959620474
1749766542
1385364562
29398084
454443988
788080986
1872295858
1847101544
1567514106
2049332236
2057086930
2113789104
1697258778
1193222590
437449838
497339380
761222504
1383605260
1196154514
554230774
1111083086
1619109198
1777876782
699494520
1307399700
355885964
879102742
1831809778
498866290
757774854
847097976
265643920
1481883042
2121522556
890643196
403194354
1199750506
399828170
1951903774
1726833290
568638466
1356694742
1191394566
830410486
856946326
1002345796
341351964
294380624
607965742
2090688778
1220940260
322163668
1184414186
852722138
612333966
1959076916
1849451586
156054644
1114918702
2123567632
596709000
544699492
398881152
771625376
376568468
620204752
559331140
163493562
422923552
190324880
1985395004
2063983076
1629019882
1896884558
1713274356
627897738
1729706908
1270718570
1347252544
1509505240
1326770292
257916200
1104404830
692228318
936213390
1993775098
1125167382
1024625418
1208120528
1260824660
150174208
1170411392
788636938
1692036364
1398000084
691792966
1579859396
1881582340
50202324
2146198714
248526394
1596014464
1207130024
1415485502
1324250286
1171544282
254297822
1599649474
582245956
2071121112
389295756
354922438
1480636360
1714745418
1121283260
1053980814
1610369254
1443072922
1291609874
1998060390
1438349760
1885727606
1759308906
1567559384
1654899426
2099598244
24399772
1215079392
1168795492
1772730360
655084514
66113396
419269576
336182844
996848694
925322568
1429781116
1201545004
418975010
10126248
633956762
1680694322
1021889378
49626000
443546378
1788081944
1158370788
2066528764
296071020
2088191330
1431465420
1740008238
994399396
175841450
1468976800
66227664
1015338432
962895500
937932286
669313084
1751718656
210461252
1275565200
1379802582
1375620290
1819153550
1611680210
1003081358
97230600
1292471824
362477972
2055745972
1493766524
2107821036
1832043034
351464034
1171140010
1491594934
2121798780
175251202
2108142726
2130435074
208318708
1441716686
206379676
1871063514
1996245496
803136644
491978392
107301846
1289925152
682271994
1006656726
1339843820
1039898052
2031423088
704579054
1353169668
69852904
13158826
545425518
51677982
1892143818
1085546718
1835065534
104202632
1991348624
1973266036
1826648770
1872470254
329657554
678893592
1309964018
2086337684
1244872586
1392922898
1412633652
1767778230
944825674
295069506
461317708
426903294
1751408244
1109704760
447879582
951968966
1628551114
1744784734
274494018
534157088
1794951386
1151945808
1051555010
1964462064
446107596
675407082
2109981604
1606369928
423409378
2147390830
2115505670
1612793588
294507706
1280037936
931694394
1555659942
1372233368
242947158
1308832962
807762352
724102988
1788920786
872939490
1207338170
1550268138
426794456
1725058116
218245496
168227962
1338957536
1103405154
131136932
1153002050
44232706
1262560582
469209498
648357822
895639122
519992204
1734987402
1843217860
345502514
1484072174
1443056268
1788400020
1578325908
782169008
1404916424
607439450
1384019538
305054734
1593222842
1010333288
1705805370
1546994872
1558784436
1534878046
613190506
124200604
379555256
1614091830
624115208
1207743248
968230492
1825345246
1568663916
941865200
1219772704
1691599816
1835568008
1327174940
350182914
1764040120
1704308206
309834910
965785068
907908960
801472486
1657968566
663218372
814028392
1609513792
839788794
1859302838
474949418
2041919296
1943201900
128267346
670632430
1603407212
1794591984
374391558
197914512
1111604384
1813679234
1599268796
1875001266
208259138
1279902310
1013245434
270285534
1271092862
549627886
1867786064
185359910
1645110152
1733107538
192631066
1945202332
424441394
393458650
1082838056
2040320818
1824717924
1610931686
1712950300
704221940
1377937372
493187360
1429061366
993347804
2063057998
799104710
324664252
1476414514
1926250510
1449123296
1722795222
659337632
372369748
1822747918
1401737028
1787396286
2130989980
1110255596
1949087108
733944640
579897300
1959676126
410640554
1209757120
497502050
726204852
617190758
1949605974
855730080
672117048
1462807092
1024547842
2101119688
1742641522
343451564
1678146238
156959274
1556596860
250091580
1196007772
1648377824
1086342732
1787531820
269046366
818802740
1465465690
1479083772
109776000
2047620944
1981236670
330364246
1090163060
1348945356
408553146
1888926076
881841862
1305530386
1661210444
1555788074
623482684
1219108442
1565549914
1739041008
1149512952
899186368
2020866180
2103360584
2117810908
1679896438
1506700314
1427348794
1520646878
316982102
350053856
1069791028
1086525958
989477412
2101575918
372466740
618679212
1911274650
331128098
1171018672
751844058
274944956
2090108894
1395742920
777204506
812462872
618882168
1358800944
71382100
54867922
959009602
530767454
1579718672
728437432
39051782
927986774
446948060
1317912860
1795618812
1674774792
1934627614
1295429938
506443748
1410105784
1432946312
80503732
1640734340
125091456
872359836
1512148314
1189925164
1418790154
105238460
1176020670
389514264
475373982
2099789474
1556713696
438878816
2035097680
155571340
309849002
1729923822
611195564
680254946
630616434
2009464358
655477586
1273693294
531578256
237122836
708285024
605625960
685545210
1112038562
894544858
748480772
1095312034
1599345574
1960368202
907365622
1144599624
807396546
286604640
1043561400
781226792
293442226
574855794
1962315098
821127686
776837676
674395388
1877978270
432821340
1566101454
353178020
530236338
799569008
302771300
395774012
1344791380
1050110652
1525692312
478005332
1875041532
2096246272
1352123386
141596886
1186266672
14212618
581994774
1949625886
1228898942
1373095796
1203708974
2137039572
876324854
992546328
912452594
1462468796
804768094
1232813402
1749590104
1076077552
1622430912
238783752
125080814
711295876
160774646
2029053144
462848748
1059615542
1368899874
292405202
1446685660
2034296830
1679716128
451781020
134520636
1308053106
392203900
2046412506
1414811392
442070402
668259300
776072094
595144802
1516349648
778444416
115914054
1191587566
577908166
1508487356
1689100382
1998326424
1226641232
955883240
1353618872
636083154
1292316686
290561050
799342478
1980993958
971015952
1199221276
1062286770
1918399964
466385354
1574781684
1625664674
1971812148
950667296
156279898
2001117588
225023738
149739638
1955476706
1085879706
1948439744
2014580298
505556516
2123849900
660323646
677227838
1898750222
2072387728
1261431612
459491288
320496056
756771236
853901858
1118875704
37092214
1713178750
114780290
730275942
230263204
1235801960
115258612
848671920
1485491974
741616682
1549312804
1510567642
304473046
1947550198
1620353678
98894936
691264514
1367875978
162568946
1005554646
884660490
1198338116
579880862
87609634
187107952
68355612
1672951356
1805441852
2006614780
835161050
133613508
2132354564
316352854
178716240
1586778088
550872528
1391463848
265929956
1089754774
1717435288
204387146
474947932
1902926688
288863326
6208264
253174032
797516438
832688456
801266976
702454124
1059966080
464921592
595414696
1710247088
1532900884
2108673180
1581444448
20939468
277970018
278298682
881074900
1033814216
1065518078
1607723906
1302006030
1292786048
781960120
2076687382
1960161104
864233416
2085520766
566490776
1790099404
784359648
1476770480
550130494
889163736
1371895878
2077405940
1564395204
663800382
44361352
1688527436
1443848164
963871718
262552266
204494362
834784482
218388118
699478230
567893078
288447304
807209258
1034026252
718565150
1788778290
1930239042
42321268
604530524
1890140028
34776536
418246986
1225730974
822927390
704136334
1717606688
636318336
1839363056
805836252
1519115514
1014845370
1134555486
635893478
1591707402
1168971332
322986722
621015568
1515335360
935122248
785245924
1905670834
824171824
1560853766
758821638
2130528118
792636592
2061549182
1510163878
770519250
211434076
674753394
10261888
900354784
46958282
1959380982
480503014
384997344
1762040616
1616324188
1470781852
921968574
718404072
1160151294
1548406146
582669386
1569565982
1069898232
927110566
1794564216
1944237922
1188670754
724609100
1295994110
1791055212
1680175538
1572056748
2110767808
1220396522
1119977936
1016129156
1170440254
1055915776
1646806096
94333726
871307666
442043330
253397226
1511430814
1435306144
4869230
1336254210
30633044
528274046
1155884290
1645171300
655135900
411724802
1316465432
582344530
754453578
1778503388
1085830394
575949456
1712500650
23286074
2121988948
143375228
123313474
1867293338
980555046
1721321180
501583834
433423396
1925913138
2091187822
89500248
1329966554
638445272
1742565034
419387340
1945131788
1923146674
217770210
1752751088
1913018472
963377950
1418012918
8694814
1601771422
1482191454
916059914
537416454
1512087258
11726824
720085084
211317548
541900010
775907702
2091776952
1918291644
1463888714
1135159576
1239003422
36882720
980881068
462405194
954698126
1189929790
558443850
2011204290
1073557548
1494882678
842463746
520798954
125899346
1674054990
2080973918
55916466
1266773824
1890170040
829551030
1445247272
1972113398
2121414914
893058194
1101469386
359858178
846079028
2023692948
159483196
1691378318
1104895674
1454909074
1077610414
2056383634
1413570048
1278051674
533359840
1839995864
719165284
792186704
1106615894
736702588
1890752172
776223376
1554014884
1370607710
1751165320
465839516
1113853146
1328385274
877434124
1890166726
2010757222
299137010
988036562
239541742
334045078
719395378
1784167114
1810511228
192552792
1350826444
736554780
298585020
1857279230
2141052188
23001744
1139290984
647410736
1954824366
1478115558
1063435506
1065105336
112319514
1222296874
1534325132
480807214
248037388
811034186
263860014
315503222
1574389450
880712626
544507972
976039978
2083719558
330879148
769660548
152926098
1898540650
229295292
596547004
1343266364
1013535848
3662974
1375139052
