945138451
1038825313
819957359
1480975539
1111869447
1923741701
1356593477
1946139329
660054615
1787098163
342422847
1666381099
1778160219
837046153
1457447021
1285740937
997892437
811369467
1326691205
471736335
1465147743
666219215
838033183
59632283
726958769
1908973521
1558423435
311238831
1415886595
1837522167
1211266389
1215426935
1481004813
194805451
464612747
752827675
963131109
361677407
832963365
946653663
5272941
287803335
973219953
973772753
2013061339
609115749
711014347
1291683751
364577097
881767765
990008007
396257685
1195058681
801672555
1993885135
374199121
640171057
129035493
1229433693
698851303
507802551
767375885
1486953567
1619249669
525507861
586401447
1479174443
602625799
1411949241
45867843
2004791689
1784227257
636378039
435480213
347128989
1041486809
436655659
867700877
1926707427
1068849913
2038279181
2102355829
1612900677
1656377759
1533058833
535456839
1667144943
1594252615
1165130973
383734713
996621767
849945953
2060855207
681676935
1630689923
1848635959
1837267171
1142966327
279655455
796635899
831440919
630311445
1125780979
2031793251
1087611489
1816003429
1345253565
1217383945
1157214257
501880279
1099924059
160550495
655192795
2133512495
1871676397
1442388087
1995492039
1213024977
1684877871
197229165
30627391
1345694119
1134824223
1770202667
1512890759
181333493
729971357
1146398561
775629481
1400568777
1829314501
913987157
284372267
2127222915
171166799
1327270071
1821928367
1017317065
287737173
325995483
436323429
172405521
221620161
641789887
1349062255
861595519
1340874337
309853471
195651139
861216597
510936729
208495999
1864678471
1500019573
1729877821
1306870215
672644479
1542537943
217782725
1153767113
1300257315
82693829
1014509953
1785586181
2068087105
1304414523
58395107
176587035
1562854667
287434879
209069031
1349277119
1024025105
432715755
2130458681
1149863785
344305753
170215821
1929759973
317302595
1701991459
211018433
1243591643
704486485
1232080809
902281349
131845363
1039409605
237855891
1791977327
1800941115
2119913743
823940031
1005230645
841959619
265379891
1323604015
1410318739
1697576409
1650473521
1810438129
1798151545
1811584591
726230153
767921381
419770731
1653931807
1418481377
1080189715
1210974313
818432873
986826167
1874009619
549990121
253964715
1795420773
113488309
241310965
392697685
1428973163
753489767
365866157
616430031
1762174945
690060083
1103723815
1874888007
1570171325
10107881
1919811097
711288413
1924715849
349729841
931840445
743016437
704452317
426136513
1410976243
1219988829
519618753
369972877
1524933137
1242478051
1813984663
1284275341
475987361
65154507
1451624165
844351789
66672161
1716911523
1268549013
1619252483
2116706785
922963207
410641113
953871199
908518899
887588541
1521818765
248963543
1363482451
1038384911
25322641
1622795381
1626300799
330590221
386602443
1018375431
70832635
1963118921
1013758527
1359945825
1829882691
1124679181
13208271
1209968449
1601907453
1545360481
1817755279
1879565837
1427951963
25757737
992465721
1081337561
1561297153
402898013
1195889813
1624300843
938337747
1349865911
909843185
1409421009
1798614235
1131868837
1425868599
215500225
1835328719
790849391
899992605
1542488861
262635031
638151759
709699745
1586283183
1130218979
1645649837
1428184139
1705050403
935522327
416768359
177510813
2062202965
1127077481
1171431101
180704745
304184577
2034267369
234388389
1980302207
1716665383
555923135
2002548055
1975643849
858881581
1442784073
535885077
1281441
2026904249
1072637543
1134045567
551652079
599666361
897587349
451866869
1629589551
631392917
1408930423
298645875
1595862751
63055433
178763839
819546315
1510420105
1491396299
1721375807
1403619731
1095270481
1074039379
2045493867
1632930987
692517939
1418234301
1951876155
1169186595
157671135
1557649865
1268844369
1740024011
1995779977
1125951473
235022915
1240936651
1009938135
127709283
366357957
144681915
1373116901
1348466203
2002513375
1257988067
2050272461
1520850817
927991107
2002396585
26366681
649589281
33626781
1650859483
666412795
588289963
465504895
1141311375
2109303207
1836876917
227738043
693032421
1753155115
195606425
2046188473
947673937
821206397
575089099
1234797431
1219383261
773191991
170178119
1502534517
1617451775
1161476043
1186142253
840739181
518332669
1741833295
1211060719
209788907
704562433
2008324223
531089593
788649597
139641267
1693387115
279848629
843386169
523572379
1589545473
1814101787
1411373331
1117261739
200384405
891956799
1055048587
1811005015
241211491
798794029
172267637
820028411
1664131005
169545603
466149281
449559287
533774253
1566457469
1758214793
955408189
1947432305
895722519
705725273
627130619
2143393629
1110092589
354394729
1330688517
859299755
1324839421
1758014757
1661412271
570698127
1694133131
36434579
1841126089
1640972669
954880691
616400385
1236806589
528181567
689320981
89840705
1457462751
1961331535
626978139
499856041
672218765
74322239
900833081
1400678751
1741774629
1892600207
331523769
1293579125
616612511
175797045
1319351193
1178301551
776996935
1500370195
1184436387
1617910071
671170493
181722491
2110745107
2086465671
225841809
1380865829
2107943293
2133290971
1499880965
1600306001
1958199683
780934247
2128285095
300083711
1412154451
1289743141
545567231
1992127475
64402629
101199139
1027420481
933700251
365761979
182733051
1186261295
1092629011
1386508883
2001222521
62219821
1452665283
1156748321
711429983
1534002879
1936091053
658142235
1980008421
309362275
1762315223
85778513
663363453
310282483
939024211
877633433
1193071281
1346699183
1252071807
382878885
1153133715
558225235
1012111737
2015418417
1465147875
415178519
38737231
459745911
477490319
2126288027
366098209
2033696917
737063747
1473621483
85478207
1601630089
404101999
1297904337
902062963
1660446091
1013453751
1949428863
505007979
312064083
1991885927
852227407
1077223965
721474795
2132954851
1542979033
1183252883
374950001
2054353335
932276843
925737555
265631513
545289073
1874521419
1197483863
66275595
1477814023
903854207
1928510725
97183871
580687301
1704384749
826541965
588315533
1258973953
1787291739
291430409
892833773
1631025955
496864825
1778322575
335255365
1661347259
1185991599
875544367
952400791
1263846273
793284129
1733876833
597773027
269980749
326220905
873037731
449465147
251248439
737763037
2095083571
1553854613
117015133
1665190289
1031852189
907632929
1779433599
1634623815
1238528381
997673503
2061749307
766058631
1183995721
1826151177
1093381977
2044031027
194812245
2124545473
1620068149
594377627
1292763617
1552270095
1599651105
595633749
1736064219
278641639
859365287
781032411
445129533
515750803
1827960921
1345744213
1784619017
323534721
1707819221
193105903
593103507
461765585
2089713073
1846755681
726234961
1991729459
2145929291
969457261
1595227929
701012629
907069629
1586707705
1143172201
437618769
622575509
573779887
622146263
1005471641
204045531
1582043735
847785839
1487044593
1721318519
1767832183
870079601
1909289291
269484549
724299261
1554321309
880797191
438826513
1389399439
1722279869
1866809311
270668349
1769893245
280193923
1270958657
696816307
591232307
410735619
144563519
724352951
574128357
2079853097
310828229
381915187
50114895
1666533867
1393102781
626576939
92127943
1632795995
739178371
1359977187
305173559
934602713
32637473
135318961
572076039
932749847
1360863869
765676319
659275621
2111467373
365033255
1030369595
215311345
81419911
2105317149
1231453911
33761579
1660049407
285915843
314989463
2018853977
1938304969
378171835
2135820003
613068059
1876796381
426553067
1794701057
939192917
872072071
487735443
452117697
1700840979
1508044223
1203372179
1559139543
977068629
1509737419
1333456963
1606455561
605681435
1972566111
884511319
1996162903
1303836429
2072423375
1349591231
1329149325
1430668403
549908895
393879043
797533157
2057375097
363744011
1106786775
1650804343
720428693
1709811049
268299937
427058863
457229835
705544929
169035769
1358987911
19224639
1389636233
1115818627
893091273
17038699
1488639623
1479712037
1826842501
1886804821
528573055
1435324065
793357027
1465336871
1272677969
1774731761
1717362293
715043949
287541517
543483071
1075206763
1678245769
1962129107
2074705061
666595393
241538047
45569459
2085447697
1863775809
1465448917
1042031913
1752602607
271471697
409808593
466580315
845313207
1764332955
1933181273
1984381055
521283461
1606237523
1927751869
340861455
845926305
75393769
361130967
680179905
1620425009
1517074525
2000855339
1638841637
2095438791
1893532009
442326479
1518239483
2133214937
1492510463
1706239367
394155787
1728626689
1246297421
1387193795
1646707835
932305103
1109273663
21869533
1879049259
894493743
971958901
765295901
687708737
1192828367
277704493
1804037925
807780253
893650343
2134366643
755039485
250034943
574325929
713086073
2071050499
169443445
755358245
19684043
926369075
1531854665
1033164349
366725657
1586195377
459835641
767219087
126298379
1171909593
1759190701
908913801
891088341
956672183
1645637589
1630100729
320628705
1923211363
1108153629
165850645
907256247
1088218797
1122344145
320577497
870784481
567897039
1057350525
635422569
1996326257
1418554709
196349875
1049179091
1367537961
208687899
2087970107
1834782035
1504886541
658843577
226510683
882952781
661570459
1898445663
1787899005
2063373503
1781748059
275580155
1619431455
1051521617
1213911075
1029739357
2030583411
1229506265
553224879
190261989
50355625
1167654719
831090045
1704742833
1004939473
1967750623
362025415
2136618965
1381109587
1923677417
165721881
1541502825
977745343
1006008811
1413734943
17509035
1568206345
1164307599
2143762085
1670769565
48038383
1503732687
1812031889
1785457273
441471461
1512338359
116038759
2058283485
1011995119
1211447917
214339647
606172137
514128759
574715443
795576715
121545083
1179815287
586710193
1645194867
1062269553
1608095835
1938524613
887344945
2130043075
175834975
567539647
1847601057
1291478537
687110037
99124147
1939145557
891118373
268277913
31461299
1299641081
2020796221
1005266383
867237475
831000259
1464152997
517721537
2069891065
1342427625
170900827
1219495375
91521911
405446057
927897283
210153271
1689942833
340342429
654712955
1575380999
362921031
639882213
932012987
585788009
518584727
701113285
1202292553
513038769
1319302619
571942107
1224868231
947850517
92368027
1852632483
1564415541
1903714195
1079783403
1024530837
1767814923
152453861
2126837255
2054132805
1445853507
1613146305
440338337
1241234627
629898983
1833629825
1991791763
289248395
1593351813
2107266001
325122053
521493675
1658222347
776656829
599294985
782102615
1126828785
1190623613
644820143
730685617
101275035
1939863157
1650089007
479205493
1742125495
1009415513
762290739
694982861
2025778253
1207321441
418935311
540648699
1962707075
1686238099
2062315597
1682164413
946271357
934124477
239312457
482365791
1107244729
1290416545
764689433
939937129
1760111827
1025330935
1505360217
747296183
1015418867
580500457
503763625
345040179
723299971
155359087
1453499769
1648818027
202085959
1335135831
2012382237
226588649
1294779539
1296056013
202473837
294964495
1800099929
1757177553
1678149977
307693081
265107115
1293238597
1665619843
101143697
797136589
49278079
1128037357
897288075
531361487
876907547
407286273
1515173167
1378657305
2020758641
1816108775
1749869485
567482957
1690184117
1602469793
857234339
2052811639
2014715153
1933161795
52622763
529767071
316410349
1921579441
1748177891
1887840783
1020857147
833018455
163947083
1553966389
1891739453
245872745
171167665
1079603271
178718537
785547607
610230437
1298252021
2069282493
322221839
1142741937
79108687
1926961045
2147271117
622167757
1012002427
807371771
768200809
2134983891
424544039
188266985
547727373
1432227721
1805938157
1039313171
1991832345
1361309731
1712577939
1782479289
1291228825
1946403511
1474015065
2106097659
518074523
575187301
1833122949
1473054789
763282831
1967032877
1865602527
1119338853
1261302785
1403459427
932301747
965917227
437872885
1072546133
313524169
163893117
548495719
208919789
1687934497
1645745081
659828041
2105562745
1530491353
1367797115
444360737
1174854771
1596648293
724754151
1135657909
2092391259
1546973085
358262699
633521825
1772513769
2014083071
1362159463
927641123
1321267581
1097033885
343394647
1256834271
168584897
1683090517
197803511
1932512495
306162761
731363203
1904860281
1425438427
1830834737
209342305
1520436183
716081949
222066665
1492642547
300555783
1812424251
1062193943
494851999
503360009
133857675
1278783487
253244767
800864155
305076071
67140951
1079295085
640291111
1375678431
1809967637
2095495877
1763508063
2061484125
245894759
1682607971
1977360019
726429067
1997173925
667303659
1775205809
2097719815
1198217609
1697914341
1651547511
246154929
1281303223
1301283425
1459357657
1522048997
1866505869
1925349513
1091637857
1684367979
86460615
33178555
935864205
250451057
737295121
329358817
699723735
1493046209
205963661
1455530507
1981585239
1592499499
45638557
1423252473
1911896761
1071281877
120445461
1062076669
855089379
326122679
1744494397
1116386535
990759817
476852879
2069965761
1898168111
1510416115
1314160795
1484476293
1314825109
1405237683
331202085
270880025
1960888217
1178977579
1903738243
196639257
911348061
914222067
787987641
337132705
1474891877
909318277
1024186387
724186923
822619893
1096060631
37347097
1213478471
124939661
1008903409
1599007075
570236715
148647221
464315371
1741094781
814846293
1384369453
1651764085
495417159
1246115657
643574407
225622631
73977389
351189839
950646469
976959035
1431728827
2113884503
637225579
1110097849
1072118143
1677062473
313124209
526003755
692482317
1552198483
1286349131
972329255
1373369661
1516857501
60983577
1832910707
147916081
1812709565
657858505
613257413
1544699343
157901331
1270470367
1615881133
1602452147
464417781
771001079
737321387
201364289
821662225
741563015
1928978529
1821091771
1737610671
68043641
233403357
384010229
77972803
1463549173
1908484463
1912671969
87912687
1057708137
1167746643
132656825
135704399
262660973
1721511241
643185841
616785997
1550938039
1704465279
689274929
2028397539
1932158739
2031403079
192508793
506378629
113495075
323860261
387462523
707610381
64366895
1655776707
758556237
810883295
1124258101
304904011
1724812067
219241609
351519619
1155665567
11906623
1197665883
82340569
786605271
336815463
1894496029
733489409
590403605
699860909
719627381
527359843
1936798171
340309021
1687789239
1145454735
1889828661
461039151
1591063583
428379749
637430429
1742123849
2096516751
2088345781
46714801
508039523
345214939
171614957
492951557
35819583
827044733
774573237
685287385
1231790685
1441930575
1398059195
1605905663
1264865393
1589070917
519067051
839214041
1785172461
1480293119
1500190069
742895379
1108201641
1365761439
1561180835
883694461
1672008839
1219333783
1846309629
745257319
1867188935
742925787
1438025463
702315627
1777949913
1083855035
568061607
369784755
1081417383
1774912435
428870011
557241641
1236654305
796654109
1207509207
1771062541
1860517995
33585989
1063881737
133061951
1557017123
1868338551
569794467
1753768509
1049672221
1119052769
54233397
1355386615
1444714333
1025751411
1223713561
402144301
2026995697
1994723073
160825601
32840501
704115567
1062435695
1775652433
1392188097
274690865
7089125
517058097
664251579
1471237943
1986883361
1106439387
1864694083
1638678939
1961431781
1698872129
1199845677
1949372977
312136247
1704587255
1392708755
2087362783
1475328845
1109035929
195152931
1263457557
644784691
181806099
1619010941
28699929
1360678231
374202463
475917829
259937493
1213868093
1885030031
766947585
2016351701
2134408253
786830507
1839546697
336029509
577747519
883297295
1028261071
733417613
1531399555
1011284873
1891074311
708432679
1937171051
738412919
474039547
1894035287
837307503
1181928401
1259682477
201452101
374555757
1405435775
505172439
576853521
1938973503
1595649361
1012543781
1011538297
536441111
1507437947
568575229
2064730177
1536064257
1372508049
198117643
216167761
1986404989
1901669583
1671658529
321798283
1328104161
607338719
1607204987
1051221851
1276224905
892335857
675773915
1168938355
1593145199
2137419389
1048687039
507439403
523649055
1128416437
1930985685
1325487845
1846276165
653780055
898192573
1613497415
1202369989
1884496287
2096363367
1497146807
957140041
912892777
519236237
2112808087
496746031
471191543
1733610425
301391443
308578639
1494082981
567573919
299982081
569036673
890079845
1192193067
251908675
128499051
590879977
907620087
1333456531
1209665003
1481001491
18528565
1171398743
1886360793
1364697521
317682869
1065834167
1475047531
1393718827
718469729
964893429
1008861555
140110871
851966607
1999846021
1151474673
1478277435
2112340999
1990171537
1027962889
287480801
1311609609
417403049
1519622837
424042159
146441797
1492687121
364210027
12477549
1078571231
748208173
821296945
819453505
2010625649
364473535
1708267539
1913736557
1104231031
840130115
1793704401
948399669
456961577
22222893
1006917805
2079440135
1145273455
2036829035
361806611
170865759
1473238721
78997925
433241689
1001552969
839864579
795349455
771198139
1815737967
1613964977
962544311
1572551635
1799633291
233980847
185450371
859825675
2020192715
1262677443
1760175863
1426595791
2137469239
420736131
260676961
1447793863
849602925
1334949571
864395105
682340063
1216732535
356778255
5403403
777882469
1373265495
149831279
1029655945
1450358693
2096398013
625499739
2045985303
458520517
1083278131
751089979
1499617195
464996561
1919111921
1858095091
1012625619
1118783065
1958470955
181585635
521525709
1397681189
1659675905
970078139
183561003
909033649
1625857503
673798027
512005843
474956025
1743267321
1700533799
2022606157
879928531
989818273
720370833
643001529
1280468421
1563518687
279887035
742352909
816075255
129443405
24257581
1573887155
618804027
1998915915
381046797
1220914485
1064520649
1663520141
672352723
1621491595
712435935
168198873
2115112311
1709761183
1456717963
765288847
482325403
796317249
141549335
2142738773
1930194637
1559382035
1125557763
1872196345
600419743
97561657
1289957515
743830193
1074982533
524771401
2068371163
815623677
1077848231
1632102195
98425207
2048145945
1522293485
1126158931
1781266033
266368343
214797801
1030079231
465714063
696971313
225990619
1051418589
1990241885
1185487341
2028788857
768476713
118366183
1112054059
120156463
104492229
1515544779
1184439883
502878649
651392027
1628948319
1738408711
13661397
1465009063
2092737243
10406081
1876391855
1030153259
1698386737
904287545
679949513
863423153
19168453
634512635
1834839307
1997194123
1341069089
2117749429
380789909
109012403
415101917
1565541519
1960900237
707686355
122405033
1413816107
911982319
866369547
1014127311
598652007
760294599
1107685461
1934863885
1808853943
2107370857
950835509
597811105
1117255701
981877047
600400351
518154413
1876439751
90977371
547274479
1179612761
498688129
1209937169
316270451
883501385
753979421
2077131355
154821429
1094725809
994652891
1366436425
161248317
646442153
446482465
111331637
1647830549
339921105
1237275639
1114216321
107070593
1743299325
187846055
30277687
1399629823
1273951125
1732354711
1839078349
1109378209
717708011
520445475
1133524761
1534912757
11805027
615272709
876098579
2025053635
1299322665
1632913535
2131499569
726059019
1630765843
1489672877
2094658917
894888643
306622085
1119123215
768467157
1385063505
1491793269
253206685
797026811
222366205
1089264435
1727893605
1988602237
1664460715
2039340531
456958991
714979307
442548529
773088899
1311564743
1071836681
443588621
1112581297
193712883
687077149
1428134793
1461566089
990846937
618883639
1241724803
1814229673
996474765
1082597667
1020780145
1967641213
824627067
1084474415
1230559735
1641517483
735243623
1442306663
679387059
1494949713
786115807
1544147011
1875941021
1897725643
654432569
390492705
507945135
1516034719
1090803063
732963683
1891915523
1480249889
1037145505
106941313
589015433
238685835
1947066875
866833967
1256878151
424833869
1763723429
1473677145
619316417
1770052761
1699852027
1784853655
510286085
2140189371
2078293577
1631648233
650282203
1144004141
1364397045
724500251
740517551
1869283317
620909255
1247134649
166241013
1438162729
43619071
1939198515
1327484075
275328183
139603289
1130795399
1109556551
1437001399
1283453077
75895601
419116527
154953787
896834205
1150988755
494481935
1936764745
445238199
1922694677
445306829
286922813
2141168531
639941605
74580291
43506671
291524635
361451867
645060483
612674453
1900240807
121057361
1129996329
117726421
271141599
1455562483
1518473731
1930789321
1755038917
2049016573
135421437
216922093
1729760735
1211014593
1986013467
1796356373
1889468173
961120397
1387656883
638127489
1835216259
1188258883
7930785
198543405
1539861781
291474689
979385513
128156835
723960825
362023815
1808338511
606024247
1391040235
458580805
1058287797
52494917
52542997
294061021
1612516705
1301571275
676900887
829153305
1587354333
1439281845
1292983751
931311293
2129407341
484217969
1889503443
1125926287
1321690149
8068391
1482046465
1750990805
171113169
1135008829
999058089
96076753
1615868495
955094155
1582062647
1911211463
627879689
1161589523
375694089
232574347
1425662125
2087230517
1812909375
1289095345
115997211
51123567
270104311
85030771
1830865465
1800150027
766686305
1053431093
755767645
1185778401
401087631
1812452263
2127087263
1832151225
1524878631
1056231049
2039546851
1968668263
1514841037
747062437
797698373
1865341671
1703192583
1974859935
918401465
1291065613
48134503
2015419763
1664033741
1107950629
2043027571
246101235
11258101
1923862623
807824725
1648787575
699161767
452437329
251113195
1817397733
1149667837
684919579
1902099423
660068573
1856658919
215747805
1843245217
38073385
539136783
1375219545
677201633
1795656597
1049837473
1262693735
946037183
1816514953
764411129
1107869557
1210393129
206281187
1756974927
2129115427
1145545435
550388347
995831629
481436057
1854733017
876135485
956943747
209754977
1597299459
646829161
451465335
1846186241
1254458745
2129317885
659854747
1162549011
450919853
244681079
1575965335
1386200505
994077365
1862669351
896714127
1112018031
78174151
1263714243
214173453
470194085
1967314381
1868662793
2043032991
1167149375
687370035
116222241
1335350091
1686702913
1079678645
1271074319
1376500961
276345889
1535770413
661916239
1900709897
309710077
422106727
1423003903
1782255293
1145331365
252252659
1253668407
722318791
235928265
1048105035
1639273205
875704427
298512819
142915567
2112771195
1485091625
1321284727
2011531237
1762063739
405722851
1216536271
1827815585
1574982287
134718001
138997555
528179425
8430909
70353527
492245883
2093785389
524082783
46387867
598323199
378696681
500014307
252170545
1012702323
717942677
1778416055
1173198537
186893001
1931303351
1089585341
1588654121
2013764021
369768841
66221049
74161777
1707971973
2026970099
935726439
317562293
1740186047
1413510637
810139687
1403721885
899070579
1542039791
662435011
1300243555
2127763735
959284369
1299068395
1868775459
1227884141
899514637
268640791
1103151063
755767927
1380676847
2114919777
397665173
1661925655
1985710237
429941843
1872663979
917538387
1313134585
922401673
435521045
1288108223
174359381
1382718571
906778115
983482289
1825307075
1131870849
595710693
1238782483
1893032769
812291675
1961237593
1285014009
920516565
900729175
1013445821
1786944799
1157432551
1559028799
1895029199
2145612711
1131964309
184745691
1198421381
488232373
501245849
616587771
959815091
1568521201
1008997231
1138229535
6770807
75452145
2032262883
1914577519
1583338421
2001524703
562519261
1824213329
599210919
1218315457
1599549189
1766680045
546593579
162911237
861671585
754348329
1141404645
1519322361
415741581
1217046479
1489088825
1541331219
1897809605
1445002965
1424776875
1071785865
272306413
383775613
369815641
814312701
1759407777
1681374579
357840361
1880143831
1916840435
815912113
783982779
965072033
1378576757
1678844817
1842168463
1928838473
1376075601
2084792585
37603257
1023420191
1753176627
1526741139
738376733
725016827
408369005
428431055
1269762467
678572673
856032185
1544455655
1222928335
275605721
265953371
2117442237
602450125
1187791507
1376966661
626440179
1918863947
741604905
1571348547
840262287
1508327875
1176925465
1003761077
349103615
255109227
1564781523
698032847
733327961
2120264105
466254785
77750819
237919511
564816785
1722870103
1680037465
943174595
151904723
627610269
1270099601
742219293
1668466167
2085397257
98112241
651301571
707253343
1221678737
1562644965
58501441
2107597949
1430072163
309115977
465821711
689962321
763601441
1618217535
1280789011
1782504127
1918970023
185941817
1958250885
131035745
259099389
1382462145
1948220195
1899691635
781484739
1009037697
1419005069
606170971
751550343
1695300857
1783538063
1333258181
934666395
1270402843
1793188371
1028256583
1398861693
368247641
1840872849
1484218963
99427207
751777379
2106103529
258249675
1318872997
93296111
675033771
313066037
173979553
38732143
106193523
944355409
1967658233
1465535397
2074805571
948622517
249657239
916382983
23132067
2060951143
1557234843
1140313887
1768634173
535049957
1465967645
1450879641
1782336971
571233407
308136407
1455746223
1499602511
301764861
195326427
1072336283
270931889
101769021
611556977
862932567
1629655563
923665343
1305584315
1013201431
868619993
1066659473
1097443413
53920557
626995671
370459125
570274269
330773885
416418349
41044549
477102117
395141837
1625348579
1415630643
728568243
1730907565
2129284891
701593085
1125994085
2114654399
128326785
165440209
516583255
504383123
1752485547
1419026331
1220244437
1985881765
1668669397
1566011161
1731758057
274388185
2070601547
582063339
523700251
45858821
1415228945
51357627
1981006583
179581201
93872725
2109984579
353188739
1435431685
1042933781
1365029431
945714133
1126607923
365103129
872228891
174880953
354966719
758376189
1095677603
912177707
305094231
1546985777
1273855975
1251522477
1024389343
1570299211
58732569
321628187
668126131
945561723
1230772369
1884135401
2117890451
366396071
1421313183
529625845
922396289
647276481
1539259483
2112899941
559502293
701170353
1431963619
1160490223
486129147
1671371635
1655773517
768630853
1232077977
95929925
146890313
247351373
1249319671
1415465269
61865263
610585049
113228149
1901999813
366274797
339201183
216508339
1249141249
1749513227
404814857
89477871
566295105
1431267237
1666671115
568814695
2070543287
1874628177
968576421
1702728369
15864861
1854741753
170534291
182490041
1256463989
705342191
270671403
2016989895
1924849831
1465834669
2005633109
1017502483
1861604517
1123096425
389254577
1413636767
1413115985
2079608337
918582051
2059620109
680147029
47074663
1736783247
1953405933
386124851
417285559
462732853
509366283
994127953
2099848643
1334298791
1187381465
1762282183
877837023
128012811
1602763711
393077329
2050290205
1867558083
626268715
1642939613
798306609
1007479303
1026799629
1669466805
73551495
480308333
1870352415
405988981
4924011
2112839419
1083488873
549500267
1504214995
137930823
415148145
597372839
95558547
551473829
1574606011
132843283
2017865727
414281695
20484047
191054703
860266201
923013487
53562423
293214821
1668948115
716017241
50638361
1698220331
307707663
2080620339
1255187229
833696955
1574687875
1057884125
274033013
2063792425
1656574001
729202223
1219769107
538899503
824566811
1779999079
2010270935
4006587
849301787
2074056525
1231960883
1712956863
1469293641
1851444017
1010977611
2077029879
1533664197
1526000785
2108094479
135685961
2123253275
490494091
1055448979
221541117
236474357
1154616467
1872950527
1520377255
2105953419
81390463
162480395
437354173
1462416085
1936199421
695744847
650119119
2026329771
570279343
1754224309
1604470595
361742053
2050170615
436294533
1673688417
481569239
218015317
1727679587
1169426331
1241743463
646147063
2032992055
2107413159
1313797679
43558263
732445849
615673463
1495502373
1571535869
236909725
1190466491
1606636173
1116671479
475540715
56815591
391430117
591566851
1325801767
1651884615
305666711
2004107939
1188651293
1488497601
674998117
1842490283
1006076699
1537158983
1998648211
786551991
1376623443
84478279
771786489
319999085
1558870353
611831567
1042456037
662208463
2036316363
1387529907
903595343
1626916831
305395919
113518275
160296431
1956298291
1496752885
1003226861
814954941
762297183
906818789
1671397195
66474199
471938679
883672367
858741229
425580173
172232267
504755643
837768353
1533677849
605725441
1551986893
1122102889
303432061
1319553029
165921383
2077570163
462225113
2140324769
617604831
1613083767
395978123
1430867513
1767234419
709408173
1115354921
731453227
786994831
73875297
819068661
1847756201
217448933
1166903527
65358493
432363859
1836356893
2072202907
1637121767
1049802527
1019857467
504207403
91569575
1132109661
385990115
582568469
785103381
1613621105
242220657
1377604761
1643303117
2077032599
1798889279
314767215
16588691
718053777
2085430363
1982683343
755669501
729486737
219368863
1214440973
15612165
45162619
840240503
1613323549
1043329047
1142723087
1646649353
297432497
1313012599
1030850541
190627041
1773025713
14165083
1775018295
1404848081
36269329
547338663
657089685
1263758547
826570779
1287355435
958780821
926260799
1979448029
1255469803
1213521795
73390171
1470287927
1235073665
584318763
323548017
1982847009
2142972521
299954607
1892577621
897931699
700778525
1422145869
1773769783
920330251
775305207
1105969323
1540152469
1376112181
486242951
1207485669
1932032409
1041012901
951760575
276601439
827960387
1089439901
1283681883
1081533215
348524251
1065942629
2054110063
2081960979
677380359
1668211311
1862856641
252238943
1751736471
2041940089
511686785
1931815207
1484450617
1595786871
552052965
235929047
426495777
1990997341
1116393989
781911797
2078465541
918678935
564016403
145946873
1970143171
622249427
995895387
379532639
1538212529
12376759
1407311361
1071071847
1977751831
1955208151
287181289
922649369
1982432851
1989211611
568410945
1539038907
85977687
1349719009
1564900445
1655299597
213260999
1494111453
1313716831
1708420659
660638889
781308807
760429909
190243983
663670135
1151181067
430421587
2056236021
581719909
1651849813
468258409
1269314243
1508859
1140387001
685500283
1495203905
1497325649
1447706439
54772841
1663987093
587123763
1220295281
1279229301
1518727875
300154127
87887927
677966261
385165515
311768955
1806343617
128185873
454412329
530289701
959904653
1730083553
1349070991
1508180391
761319337
872151843
419693123
1936086481
1110058821
2049515987
317612313
541057989
907106617
442978517
1777220133
1990844849
585349449
1384978261
1594595819
1975374739
1018645439
945488915
466022821
954459801
1265230755
577907205
1308925707
809459947
1320368511
1839096537
2043600931
802512601
1582771143
1469603575
536742949
815126693
989513733
1978631719
190255039
64101973
609589399
503698345
801795451
406523965
1938997319
674513425
923160233
1536425295
1960379819
789806601
2030318535
1849857289
390814899
18996873
269667281
474887919
1405137211
1913376169
1076693051
1086245297
1757319737
1807201365
1062833671
690222675
2051233489
2131884173
852570007
1457554429
1319112295
1290801659
1138890173
1709515141
1726097129
583931059
471315013
1977214043
856039529
176798155
1222343663
505607683
345324975
336056917
123186829
2085969701
1334780681
1939090367
1750448769
1487035041
1612308255
356962471
827703649
684386709
1957692715
1286045167
672280995
1214642961
1597140165
877584769
1531564903
1148165925
1600864905
534216577
398014775
1076555823
304335883
1544247079
1549360257
1432791203
1141608347
1473083353
2027241319
1738838195
288004559
56162687
103749307
1033224379
1485662783
1778879823
46488939
1114268129
2102487445
1400066883
1122929425
774442913
984767855
1804213755
1254461337
501582657
1458310045
854425221
257006247
1485569551
1859055711
1245405485
311764735
340916091
8687949
741897377
1559519497
143909755
1848654385
2018557549
562930733
1473398407
1863466815
122808677
1878679
2058270921
1252221599
227621541
791180189
1742879727
234494275
142623213
492486403
1851484019
22971195
945224019
1712952639
1859601901
515517441
2022337239
1877373891
705279841
1249793619
1445576067
868597843
1409426807
1303421921
1709234815
1703311925
383249389
2055355959
1635753077
356962931
332404905
866804665
1930792197
1144957259
1024816193
1216878349
1207013157
1052620561
1054944149
421778619
538841611
1225448403
119165315
1105325701
1107259181
1153546229
870878025
109436239
32821957
1158069485
183483489
925213673
2097085379
1234783525
2030181243
1673901155
1348433211
1892437009
1139605613
132835409
1462405419
1691148529
279082861
1496192109
1558531199
94246613
1011255851
340353313
1105206263
2082190525
193149743
1902767669
689214853
1460359081
676664787
799562083
341187145
1314363325
169105601
705604107
1455954529
104614557
2098770583
546084319
356669377
1606832063
152549203
1180657097
1863465353
1133049733
1076704829
1239695589
1501653739
1987783565
1605288403
665961467
246691549
1224007321
273845883
103872243
442602089
260208159
671172869
2059473881
620093391
183488895
355338829
1447035485
1141304035
1664083309
1359939165
123810283
445800239
1071861629
1091943247
363906201
321597407
958855789
2137692697
1319658239
471912065
274893895
1915212197
1096347507
2117830791
391035261
1086934559
1728015607
157321755
1878203299
2108558753
1283237259
610123733
113115659
391707481
921560793
1259562129
2122031117
808262001
1514297465
264209343
654522921
1923897961
1960786357
1303398531
497201069
1647272669
1346742847
546920993
68687065
503389451
414014173
735314717
400222127
353360931
1555272737
1541017589
69998787
1289124273
997563187
1046189741
1353909541
427627063
1905580695
1432671115
699936907
1730738859
151985513
587047327
737676683
1650920501
636990225
2110688901
556960861
694520577
1934079989
1976952945
1878075233
1679221721
922922973
1681334737
1648290915
1392906933
191425015
1587296311
2139419409
1875789451
129326771
368840843
135537251
555391825
1682675651
198621343
568731133
2008709081
468571703
1868303305
308627293
934320159
1873750849
1864867361
1685102059
935273551
1429609041
823455775
973190971
39885607
2048242987
679202863
1658674731
1427853347
1308768263
450139429
1565953859
385726929
1110275049
1665568001
894882451
1166279633
1620784041
1026989679
1525784397
1471464653
1879161583
187576075
1190685155
1846183489
1947920743
1348178641
1599644359
489983273
1428519641
553304421
1287836267
1216008169
658848481
1328436705
764909529
1947518901
166643829
392378197
1618142445
619476319
646605999
1766141217
915297873
1117694529
1920485113
158315463
683409073
947279283
1983045579
1355111931
809734211
832940035
1991222967
381559917
1975185141
366458937
1619201517
1384110299
730207827
1568979711
573791021
1750582749
852194089
1233631693
51604371
182484959
516646111
2041830323
1958764487
1521171299
675958625
1268641023
1352567715
862010093
92971853
1121759285
180476001
1420298699
632671417
1035381681
219933651
1959766809
1998173677
1828677745
1146278823
1819309483
390677827
1707916347
1246647589
1455238887
992343131
359970935
1989818813
1941166863
1520218641
768078629
2142852435
863090885
1532874431
2145846125
535823555
333935639
80512431
2113940571
216836393
505868821
1721180113
1639861811
415219089
1526164457
357040527
1183747661
1423070579
422680091
511889523
1397629745
946200579
1352579627
1681180289
920493007
1780463449
868397409
659068965
158185967
1632516661
1850654213
863936909
691453251
658835169
1891169593
914838805
1845773861
1249129879
1401502083
357653499
1208671001
1886779389
915464057
314255713
121065507
1228993805
1524666329
1264494377
1320216347
1301340501
807961749
1557329681
1459545907
954049255
91079579
1663518737
673255455
897268047
196685669
1682849021
954158621
661999179
1599480045
172342039
1174796733
431723219
265761309
1861942789
1831848615
1888290645
182511233
846106933
723111445
1265407401
1249228133
363658531
2094545115
58021865
2007639981
1480248397
1402929941
191009937
650274907
1522380655
1511437665
701466315
1994889339
680127287
70710893
1440961753
1596524485
1244094381
807856115
1886981863
184614635
918882015
1264470759
1780799741
473290321
1654443005
1765839097
1528373199
327908091
1333627297
1053630149
1240215273
809468253
2087316309
507247517
364177493
989290233
999270971
563300545
1418488579
2118680657
1810595967
1400649457
865602865
139320243
799309501
1774872645
22704443
522824901
424704721
998112707
66219761
1356355499
350174921
1472880109
905707077
2011479035
687430569
1304276027
142244081
139529487
1963148937
697376383
703183953
439436429
1390826809
165474531
1687003543
1720141625
211701717
1043454559
1075693083
735056533
1255595953
1153672365
559808835
1315536707
1826713393
244769277
141082327
1779572027
1570594805
1989544035
1117412131
296621075
1971538533
206499509
1864110809
950778125
1397824311
928410921
284424095
1965830045
2064860543
2038163309
1453604663
282425879
2062761129
464539309
1014254215
1972800565
461703487
1535285551
1580251399
374914653
995021089
552042247
1375526743
1536845325
904503633
826785207
304212935
7696619
1489401799
1760709181
334329009
1952793561
480721179
156045931
60148245
164799763
1796503609
890570209
2109647351
615901841
1320807367
135379983
1784963877
1355703145
1481698955
1821790633
933707457
326682389
203140331
581100535
287160923
1194859209
1960786969
923089609
1166475413
434767679
1587874973
1482239247
1220358891
1579247341
33102771
1974601749
1105527125
1255132023
1743962063
571242051
72821807
492941903
349947645
795642347
2086473453
630653785
1885523791
1325952135
2051523625
822786901
1414809757
1317726035
1257768567
768619377
1413987893
1312635153
131320187
1404009265
1463749131
1714522467
1035424631
35421055
68415827
566203805
1984811471
214576169
121248943
38281459
1054505983
1416608233
1386627341
19506611
2118224495
435165781
1918956573
1020530115
393894839
1738756001
890672817
988174581
1466358403
1184256061
2076803545
719119087
1749785173
1017012479
1842413953
776914059
1872003767
1163892053
759626845
683861279
760582103
480445615
269843075
1836577811
777895095
30895967
527584319
1964741971
1142002257
745497683
1785039427
1802153355
156085859
1884409773
301471973
1804473207
501442365
408610079
626116667
1473778609
1475938647
1018657015
451481577
10793997
2146109449
1894658389
1491110491
187842001
1359327257
243545931
1228116365
461508975
946927431
652430843
1638043607
1459172619
514954105
937686599
994033197
352141483
356245471
1489890231
1972811007
166902995
1839148881
1951993231
2035071239
2032119467
1068553597
1073748791
908988007
415712103
808273793
1369952315
364347457
1355211405
739513813
1385083503
2022054247
151215075
1020956245
148519591
1488408831
1467942041
1221351853
2018652973
847854477
392381853
2017998819
890924045
1763547915
2110346135
66197741
1647141643
1458475797
2010892359
248918895
2055855435
851730129
1949944707
1801202675
1413305717
2061475437
1211499775
2061484053
668634823
675967903
606929417
1198889485
228023385
1189966595
683416237
1084558653
1462844415
348188607
876699415
1332022631
34512609
1167199795
671936257
1233789699
1619749183
417812115
888314285
1520623961
1175210317
185698277
2046998937
1642611071
1085597195
338744435
178434645
819580975
1628519779
861797433
777568433
1617978643
343218819
782199881
334392091
136930459
598889587
28059477
1205944573
1959773277
708232507
701342733
1439877925
1627653501
1733194853
834496607
761240497
2140195163
592985423
1527790433
1686623293
250525149
244748673
10662447
804882209
1920279925
1808938807
1206959379
387002919
1561093493
1495297227
1869355777
813715595
1815141411
1099231531
109799397
68354599
2066156393
1438320379
489052775
1303807453
413895025
308078363
865692209
1553883777
501038735
271064317
1219610389
1720708153
1842037807
872761575
1522714463
1368892305
2090926665
212397315
436780049
728087761
170599333
1759679213
1849070745
2129665461
1649529303
1149944719
1276197803
1799564869
431352899
1591910445
1862463367
415624865
969609907
1631557477
2046038607
1408147801
1158672091
1369704145
1756431525
1290900723
1312180607
1595582015
1997613909
2099950881
1414937387
139688511
1607299943
776345941
463692007
1452168601
1115786841
2010856067
1686887637
1547231553
1313107461
1634840643
192007745
868142489
548169445
881449087
45450225
50136759
188012787
500243263
400010255
754606877
1021984951
2118086923
1343026653
1760230447
1365870099
1393074121
1427510687
132222523
751461615
232796595
1403143443
578610127
1670656749
187735513
1398256537
1993050915
2065872783
406546953
234462677
23851489
779562517
1432810581
481626061
1259653259
305131107
435612457
709780969
2001213967
1827642387
1680262553
2031962673
1147036565
1203614899
1400885289
485632075
905771439
1390658881
1680048741
521105133
7017
389986441
921311321
980093023
1804584359
1921610015
1854097311
1699906131
672732113
2024210709
1375370959
1096807805
2026251909
212301173
798478263
1560352679
1273346013
223353115
2021046613
1893480073
1504756779
1162189543
168840467
1322360083
2029121703
412930249
1389526629
2098280271
1718067295
1070155867
2064947891
1751614615
487296731
760560415
1465770983
2058678005
72540559
1740869815
703620277
1774798913
899155973
563355857
2041290973
1878333735
517984599
47049919
2127997865
938229849
454155821
1833186565
1789425013
1093847191
1031516877
1085499177
677016331
1931128955
2086185303
188276437
1314779505
581284413
875793009
1587967811
958417147
742064919
900833357
1033746497
1242098529
2086438451
722033605
1083405195
1615526079
353834327
1145042937
2094939677
123449055
308542589
334025287
489522763
2008249355
24145009
1553471485
1819485003
768968081
935379419
856194575
1681561777
826505431
182840473
1622631575
131498153
1680320039
2143981997
47554395
197322849
909200379
1117968817
1888894291
1858167763
582094955
1254646213
1812573089
118527247
691019867
719558143
383075387
1344868063
1949826585
658677213
1839078061
1963276869
1780881255
220669345
1949406979
867758525
1819782837
688532811
890743609
466592787
1397401309
1053532345
1745803089
928077793
782011391
740734603
1364807065
294236441
1738781781
837187387
1605358601
1175420443
1542503507
1581413779
1586392915
31944939
1430127691
639045473
202398659
1413482751
378535129
259932117
1709105709
1041249251
1274375459
357836197
1456351827
1295041597
911087483
557059717
197696781
1787902035
5414907
1972392513
672361169
549125319
661848003
736892867
1930753971
485416209
1834092823
1929124291
2088873187
790804547
546223579
1261487667
769132723
1968688279
1857880153
1047876115
1374901461
1998841363
1271695911
2120487147
960911303
207078071
252202137
1762076175
1291600607
121372783
1227258429
1428875333
1466205929
504217273
1670351499
60453897
1229136929
799024793
1116014427
938215493
2142580519
728221751
65388005
318186991
1217304605
1460421057
1456282243
35919335
1212667305
524827403
1143201735
1583461245
1959439437
1028116891
974973801
165882877
334802443
1597188687
1652626345
970079633
216971765
300413353
1024197055
1130184763
2139130555
387459297
1948411347
1336665049
1805499259
423821877
22863993
437215641
2141661133
1019264349
542706091
1098204247
1586093737
1714373533
1786444125
254087637
976622027
1326352317
2101157971
631395125
243087387
1144927065
1773046359
893413689
1694372295
1764329851
689403747
1808226013
1692375547
664853317
274635847
1494056873
928880057
182193977
833250437
357020281
153775549
1345610901
472877091
192873209
2007590827
664565777
1569782905
959893383
1975598297
482440543
674228051
2091302249
1384692855
1940222449
1038247381
104582937
701523045
556442095
102557883
2074583665
659908757
1670013955
125272015
822801047
1607742833
1189625179
218236797
571308747
432757153
996921201
1985190745
1840819549
1348154295
807268779
1047887003
1979725145
359561605
1849505257
1305218483
2145043383
1048346179
244945517
560157915
1056661955
1392042983
166032773
1421800129
1555467859
169095685
538462241
440950257
801658385
931086433
1682986415
16583193
1352594887
54034563
1046776821
182091873
1592607975
1719950931
2031863917
715821607
973408829
1544534239
2087504107
773535543
442214783
434892907
1375446791
1644889139
842934203
903850871
855838401
1671237613
1415338799
1478707461
838922689
686899001
829394759
298260955
1380420643
829259947
1385624429
803235121
2002014671
397278461
1113211935
1555504975
498289287
1058047173
1382365683
1695976475
1984547045
2120436457
928440051
726608105
1313319945
1318853909
1345189577
2022729217
1590493291
335272931
215789325
502812175
1527142303
1340898607
496793725
1478539081
211154171
2007669627
367732521
1203683869
882394951
2053987619
2069001105
944042993
1543914337
497584925
1570207623
196979205
1251663021
104005979
977510767
437774045
66153515
911437817
1785896769
1419089681
974533849
1274712705
1370192511
1495663691
2077452815
1108635489
292738505
2097781993
988448995
1848607151
469866561
1634494029
367855245
44519443
1341916543
106414807
1452423989
1165173619
1414609153
1756982523
741125711
2049695493
171986887
1845290727
917187963
1429665003
1061976871
1728548571
82207871
1783271477
1203419001
314074747
45849193
2021946323
1701361269
1070069395
104275789
1424863653
1945609789
707964601
1176126397
1480349851
322678321
1527507683
85286673
1917835703
85862591
1088033869
133297343
108124465
1762945461
1937081953
1314802085
1993360145
2118690175
799378823
494173545
1584979965
462879777
532623389
1991913431
1679452285
1629678649
1844528201
1230248381
63597633
630564189
988514457
1556343879
626905187
1451969839
1268750139
1551745717
1431095239
1687901055
517520165
1386658177
289182335
902502107
895223423
142108349
1560005261
300836521
1283322415
54323835
2130621579
1337043939
135563077
436230199
2012271673
747456673
446016719
64282035
862159073
594701079
1467231847
674716791
883762995
871794003
1097234015
1883355991
1271778907
616544229
658457679
452564339
36856149
767480949
958329133
627281965
49816425
1903316467
1395563893
1533419647
1912727983
1413264165
1444961229
1705370809
1053540771
1466034095
894400397
1448407231
1079627633
1647607663
92670739
1762805687
522608465
1738368751
858760357
998502561
1841744507
1332424357
1486879201
1454521923
1274486121
2138389931
599491093
67447613
339377989
777512785
500818761
90256813
208171949
2020780369
485772751
1481339431
1206939055
1270167277
1800080295
412500287
1164487159
2011317537
652090907
70854039
392181783
1630516017
1778687717
1653182059
2105391735
1009908287
923837559
398706107
1255365437
2143865717
1852441483
1714513951
1485101181
1105247105
866066263
120315143
272638067
1501680141
958224073
1984780897
1846763569
1639725273
1258308021
528324175
104385107
1141660075
1684663579
1790570873
341221375
387859429
1305163625
1457407149
1222103283
322801601
1255832499
1694140247
461055853
541972795
713819383
1830871771
300189953
21525597
1041247401
757747153
484279773
2103565657
313512365
445264761
660496849
1638064579
663133945
1468464677
147062351
1901158337
2047251695
1014274909
1224477793
1348843059
1337923215
1160668405
2045975103
504909915
2067363479
1280080565
857471363
1290998421
1636080099
1067576017
953761373
293135863
1477746889
2103434485
1503136071
245189067
1696851105
9904519
2143312359
1376067331
663180181
1020130985
2056651805
2084478007
53030153
501241589
209873349
1312137507
1244690719
1179128145
1678214893
383338191
1444437845
920650991
1449726655
867951583
63335785
1102985657
1181256323
1790125623
327735223
1978253191
303893203
1691877909
1566041095
88678681
1127871009
1884305173
582668947
1815050473
1501521541
811635013
534411629
1664160399
1919393017
1001688549
1084342087
1434657937
528148673
475949193
2039975293
930414465
1408395041
1752842735
1808549331
777029863
1197512291
1778222797
1662341759
568037191
502939469
1339182653
390437103
902494063
371640649
1550144739
663013149
613478587
618875117
1115944645
1390088553
1770563141
466709287
523563409
1188515027
2065418703
1378989633
929214487
610034949
2095540411
2101879811
226899921
102136859
740592925
1295595867
87638927
1581176631
1166036361
344103541
1931488947
1186350963
399821385
517694527
783061953
624709563
2085308475
1984915963
579359731
647032993
1292824403
1082671027
1637016623
627058491
1471971603
560975179
1703191741
535358649
1451052327
350263265
1221716889
1761298877
695864051
367848409
803532345
1353689757
1586490009
1002139267
241904915
1783759317
1475596491
250928699
1161428243
972226547
1875881381
137530565
725985
1800929169
1404002077
816495753
1834536353
1132900645
123071081
818798273
1292248293
1809552397
1977535565
80274379
649993041
1409049113
964668269
1276715701
1261862983
965509591
1647644621
695170109
2145568353
961764657
491227177
1451291975
1691310431
631508413
1752192821
1967882009
1580185359
754538867
1567065499
1042833219
1411570287
867351101
1729431871
2083854391
1393059603
1233076529
308271825
1284956719
1727582089
1831713825
1969991089
183226067
624011139
184904737
591507011
18762627
1993871051
371887637
121903709
1814389145
1948631013
147808985
784317151
1525423697
1321273785
1919329493
770098365
1271018717
518796953
1143289681
1240143229
1540573409
1356022577
1097461499
1963934337
1976719883
42454321
1972619515
617749001
850956505
1112991665
103516057
1770921377
333438651
1248906353
920200611
1370615717
801907379
1903465845
436765327
2060463961
1281844703
396146569
1997024635
2108754713
296945
973556197
1437635901
1052368527
1092141105
1816231165
1289336469
871017323
610772357
1986007607
1154120545
926775811
313862089
1284623421
387507637
1413432133
1901914597
739106051
1947396655
1914601249
1553832829
111724077
747371911
1371785815
386093957
880055849
1990875941
182579693
2006439761
1409546127
1827254433
58221193
1660090463
648803431
577777641
1366089309
173300307
927406141
1531063583
1693293021
847705253
486242325
254900581
778835579
1792214195
1932202903
1213310647
891821977
727727897
131988679
183062221
684112489
528885529
294256421
1998035379
37910145
1843240381
1144715791
354127123
284673499
1159832913
850912547
1058248021
479691877
210829311
1703886177
117929941
2139793615
857587037
1352395825
1481012653
366642579
797606939
1977519009
1093617337
1283060491
1645967515
1006361249
1621862641
695787775
1674162473
12520185
519452129
2122814053
1376933849
234453315
896633369
1908294261
1142864045
1111437841
451171755
1766648959
1236794813
2061034495
1812563529
691246927
865677397
1945058857
1745768873
1876545029
1007867901
667493777
2059064153
1007472043
1001602161
963444299
639666609
1441718507
741983789
1407148507
486419799
1816073761
2073609859
74739995
1717000333
1443697551
857654983
1274158969
894410465
1829086227
1104880011
1043611643
1593804241
1190188585
897040851
2014031283
1640231891
1203200733
1932938513
2117933695
493316429
557205473
2098014015
1306599155
517153413
1488070561
1591005179
1338003825
799842797
1311181385
1635814171
1109000611
1535202441
2037537109
90927333
338129429
566922461
852725011
627820217
1169451083
1554335835
2081299375
1917014333
1338744403
1981139183
1540540307
785762487
351267907
1376192379
575991759
183621977
480690067
779707475
1155863835
525285395
1813015675
2018668597
1534090827
1850339847
783222411
1186064541
2064269231
935317417
1555592007
574243547
1128095843
1129225061
445522387
332273727
1920078285
1639352461
203193371
579684383
1956727471
1406408047
673242427
2082030935
1507610667
1647118595
126010997
1047014201
688115141
1721232331
1002155701
2113906199
1465402437
844843457
68759685
16576569
326854369
349196383
239573989
2073391413
1459559513
561736437
1720320257
85842491
693573291
1739446523
2063063369
470555345
834515105
763264021
947761811
211612581
403407807
1176450519
1317794021
1262474665
1310600741
52189887
385001733
39954505
448692659
408751485
196384009
1071581515
678355631
1607842775
618734375
538450817
2070475395
1333734943
1491204475
421609453
107487693
1004502495
1193908465
1371170715
1682025443
1459119343
713473737
726280547
372377583
103634099
438599663
669939173
1388546725
257535101
1533026895
600057587
1886703039
1642321673
1742784999
877562661
1495634535
1665399955
2069552061
572986581
519146781
1230927877
1826629779
538796653
1971732407
195399203
1974798995
1499599243
175718997
780620229
1451604869
926152107
66103053
1310803541
1131743363
1623174995
762983159
1888773857
206904707
1620001455
